#
# readshower ver compat+shower2-30-g2f408e7
# shr file shr-0120_261_207_010_34.dat created by slink ver compat+shower2-
#
# Shower linker params: max_sep=2.0 max_vg_sep=10.0% max_step=2 sig_core=6.0 sig_1s=10.0 sig_2s=8.0 min_xsig=3.0 min_rct=30
# Shower association params: ang_thr=3.0 vg_thr=10.0%
# Morb: rad_err=1.000 deg vel_err=5.000%
#
#  Slon   ll_0   Beta     RA    Dec     Vg       wc    xsig   wc_s  r_cnt      a  a_err      e  e_err   incl incl_err  omega omega_err ascnod  q_per q_per_err  q_aph q_aph_err     Tj  Shower association
  235.0  208.6   11.5   82.4   34.8   34.2    259.1     7.2   33.4   1253   1.34   0.16  0.894  0.021   25.9      3.1  324.5       1.9 235.00  0.142     0.016    2.5       0.3    4.3 
  236.0  208.5   10.5   83.5   33.8   35.3    190.0     4.5   35.3   1259   1.43   0.19  0.909  0.020   25.3      3.3  325.4       2.0 236.00  0.130     0.016    2.7       0.4    4.0 
  238.0  209.2   10.0   86.7   33.4   34.2    310.3     5.0   56.1   1286   1.29   0.14  0.900  0.020   23.5      3.1  326.6       1.9 238.00  0.129     0.016    2.5       0.3    4.4 
  240.0  209.0   10.7   88.8   34.2   33.2    378.5     7.1   51.0   1224   1.23   0.12  0.885  0.021   23.4      3.0  325.5       1.9 240.00  0.142     0.016    2.3       0.2    4.6  GEM1-0 
  241.0  209.6   11.2   90.7   34.7   33.6    495.5    13.2   36.4   1326   1.23   0.12  0.888  0.020   25.2      3.1  326.1       1.9 241.00  0.138     0.016    2.3       0.3    4.6  GEM1-0 
  242.0  209.6   11.5   91.9   34.9   32.9    595.0    15.3   38.1   1320   1.19   0.11  0.879  0.021   24.7      3.0  325.7       1.8 242.00  0.144     0.016    2.2       0.2    4.8  GEM1-0 
  243.0  209.1   11.7   92.6   35.2   33.2    551.9    14.7   36.7   1391   1.23   0.12  0.881  0.021   25.2      3.0  324.8       1.9 243.00  0.147     0.016    2.3       0.2    4.6  GEM1-0 
  244.0  208.8   11.2   93.4   34.7   33.6    749.1    19.7   37.3   1542   1.27   0.13  0.886  0.021   24.6      3.0  324.8       1.9 244.00  0.144     0.016    2.4       0.3    4.5  GEM1-0 
  245.0  208.8   11.2   94.6   34.6   32.9    780.9    16.2   47.3   1540   1.22   0.12  0.878  0.021   23.7      2.9  324.6       1.9 245.00  0.149     0.016    2.3       0.2    4.7  GEM1-0 
  246.0  208.8   11.0   95.7   34.3   33.6    744.8    18.8   38.7   1359   1.26   0.13  0.887  0.021   24.1      3.0  325.0       1.9 246.00  0.143     0.016    2.4       0.3    4.5  GEM1-0 
  247.0  208.5   11.0   96.6   34.3   33.6   1048.0    25.7   40.2   1567   1.28   0.13  0.886  0.021   23.9      3.0  324.5       1.9 247.00  0.146     0.016    2.4       0.3    4.5  GEM1-0 
  248.0  208.5   11.0   97.8   34.3   33.2   1297.6    22.2   57.7   1736   1.25   0.13  0.882  0.021   23.4      2.9  324.4       1.9 248.00  0.148     0.016    2.4       0.3    4.6  GEM1-0 
  249.0  208.0   11.0   98.4   34.2   33.9   1270.7    33.5   37.4   1461   1.33   0.15  0.889  0.021   23.9      3.0  323.8       1.9 249.00  0.147     0.016    2.5       0.3    4.3  GEM1-0 
  250.0  208.3   11.2   99.9   34.4   33.6   1760.6    44.9   38.9   1824   1.29   0.14  0.885  0.021   24.1      2.9  324.0       1.9 250.00  0.149     0.016    2.4       0.3    4.5  GEM1-0 
  251.0  208.1   11.2  100.8   34.4   33.9   2648.3    66.3   39.7   2161   1.33   0.15  0.888  0.021   24.4      3.0  323.6       1.9 251.00  0.149     0.016    2.5       0.3    4.3  GEM1-0 
  252.0  208.0   11.0  101.9   34.0   33.6   3077.6    68.2   44.9   2492   1.30   0.14  0.885  0.021   23.5      2.9  323.7       1.9 252.00  0.150     0.016    2.5       0.3    4.4  GEM1-0 
  253.0  207.8   11.0  102.8   34.0   33.9   3678.7    84.8   43.2   2801   1.34   0.15  0.889  0.021   23.7      2.9  323.4       1.9 253.00  0.150     0.016    2.5       0.3    4.3  GEM1-0 
  254.0  207.8   11.0  104.0   33.9   34.2   4579.9   107.7   42.3   3070   1.37   0.16  0.893  0.021   24.2      3.0  323.5       2.0 254.00  0.147     0.016    2.6       0.3    4.2  GEM1-0 
  255.0  207.8   11.0  105.1   33.8   34.2   7044.5   155.8   45.1   3826   1.37   0.16  0.892  0.021   24.2      3.0  323.5       2.0 255.00  0.147     0.016    2.6       0.3    4.2  GEM1-0 
  256.0  207.5   11.0  106.0   33.7   34.2   8789.6   185.5   47.3   4598   1.38   0.17  0.892  0.021   24.0      3.0  323.0       2.0 256.00  0.150     0.016    2.6       0.3    4.2  GEM1-0  GEM5-4 
  257.0  207.5   11.0  107.2   33.6   34.2  12040.6   231.6   51.9   6043   1.38   0.17  0.892  0.021   24.0      3.0  323.0       2.0 257.00  0.150     0.016    2.6       0.3    4.2  GEM1-0  GEM5-4  GEM5-2  GEM5-3 
  258.0  207.5   11.0  108.4   33.5   34.2  17930.7   312.9   57.2   7872   1.38   0.17  0.892  0.021   24.0      3.0  323.1       2.0 258.00  0.150     0.016    2.6       0.3    4.2  GEM5-0  GEM5-2  GEM5-4  GEM1-0  GEM5-3 
  259.0  207.5   10.7  109.5   33.1   34.2  24300.7   376.3   64.5  10272   1.38   0.17  0.892  0.021   23.5      2.9  323.2       2.0 259.00  0.148     0.016    2.6       0.3    4.2  GEM5-0  GEM5-2  GEM5-4  GEM1-0  GEM5-3 
  260.0  207.5   10.7  110.6   32.9   34.2  32517.7   461.1   70.5  12799   1.38   0.17  0.892  0.021   23.5      2.9  323.2       2.0 260.00  0.148     0.016    2.6       0.3    4.2  GEM5-0  GEM5-2  GEM5-4  GEM1-0  GEM5-3 
  261.0  207.5   10.5  111.7   32.6   34.2  41286.0   493.3   83.6  16441   1.38   0.17  0.893  0.021   23.0      2.9  323.4       2.0 261.00  0.147     0.016    2.6       0.3    4.2  GEM5-0  GEM5-2  GEM1-0  GEM5-4  GEM5-3  GEM5-1 
  262.0  207.5   10.2  112.8   32.2   34.2  31130.1   354.3   87.8  13288   1.37   0.17  0.894  0.021   22.5      2.9  323.5       2.0 262.00  0.146     0.016    2.6       0.3    4.2  GEM5-1  GEM5-0  GEM5-3  GEM5-2  GEM5-4  GEM1-0 
  263.0  207.2   10.2  113.6   32.0   34.2  11933.8   166.5   71.5   5548   1.39   0.17  0.893  0.021   22.3      2.9  323.1       2.0 263.00  0.149     0.017    2.6       0.3    4.2  GEM5-0  GEM5-3  GEM5-2  GEM5-4  GEM1-0  GEM5-1 
  264.0  207.2   10.2  114.8   31.9   34.2   6249.0    93.6   66.4   3342   1.39   0.17  0.893  0.021   22.3      2.9  323.1       2.0 264.00  0.149     0.017    2.6       0.3    4.2  GEM5-0  GEM5-3  GEM5-2  GEM5-4  GEM1-0 
  265.0  207.7   10.2  116.5   31.6   33.9   3499.7    60.2   57.7   2347   1.33   0.15  0.889  0.021   22.2      2.9  323.9       1.9 265.00  0.147     0.016    2.5       0.3    4.4  GEM5-3  GEM1-0  GEM5-4  GEM5-0  GEM5-2 
  266.0  208.2   10.0  118.1   31.1   33.6   2256.5    44.0   50.7   1934   1.27   0.13  0.887  0.021   21.7      2.9  324.8       1.9 266.00  0.144     0.016    2.4       0.3    4.5  GEM5-4  GEM1-0  GEM5-3  GEM5-2  GEM5-0 
  267.0  208.2   10.0  119.3   30.9   33.2   1646.8    34.3   47.4   1784   1.25   0.12  0.882  0.021   21.3      2.8  324.6       1.9 267.00  0.146     0.017    2.3       0.3    4.6  GEM1-0  GEM5-0 
  268.0  208.4   10.0  120.7   30.7   32.9   1209.3    26.9   44.2   1426   1.21   0.11  0.879  0.021   21.0      2.8  325.0       1.9 268.00  0.147     0.017    2.3       0.2    4.7  GEM1-0 
  269.0  208.4   10.0  121.8   30.5   32.9    813.7    18.3   43.6   1252   1.21   0.11  0.879  0.021   21.0      2.8  325.0       1.9 269.00  0.147     0.017    2.3       0.2    4.7  GEM1-0 
  270.0  208.7    9.7  123.1   30.0   32.9    640.4    14.2   43.6   1290   1.20   0.11  0.880  0.021   20.7      2.8  325.5       1.9 270.00  0.144     0.016    2.3       0.2    4.8  GEM1-0 
  271.0  209.4    9.5  124.9   29.3   32.9    571.3    11.9   46.7   1185   1.16   0.10  0.882  0.021   20.7      2.8  326.9       1.8 271.00  0.136     0.016    2.2       0.2    4.9  GEM1-0 
  272.0  209.2    9.5  125.8   29.2   32.9    461.4     9.9   44.9   1274   1.17   0.10  0.882  0.021   20.5      2.8  326.5       1.9 272.00  0.139     0.016    2.2       0.2    4.9  GEM1-0 
  273.0  209.1    9.2  126.8   28.7   32.9    408.7     7.9   49.8   1228   1.17   0.10  0.882  0.021   20.1      2.8  326.6       1.9 273.00  0.138     0.016    2.2       0.2    4.9  GEM1-0 
  274.0  210.4    9.5  129.3   28.4   33.6    226.3     4.6   43.3   1111   1.15   0.10  0.893  0.020   22.3      3.1  328.7       1.8 274.00  0.123     0.016    2.2       0.2    4.9 
  275.0  209.9    9.7  130.0   28.5   31.9    234.3     4.2   53.6   1100   1.09   0.08  0.870  0.021   20.3      2.7  327.2       1.8 275.00  0.141     0.016    2.0       0.2    5.2 
#
# Maximum xsig occurs at:
# Slon   ll_0   Beta     RA    Dec     vg
 261.0  207.5   10.5  111.7   32.6   34.2
#
#  RA drift  d_RA drift        r
       1.15        0.01   0.9985
#
# Dec drift d_Dec drift        r
      -0.16        0.01  -0.9000
#
# Slon          : Solar longitude [deg]
# ll_0          : Sun centred ecliptic longitude [deg]
# Beta          : Ecliptic latitude [deg]
# RA            : Right ascension [deg]
# Dec           : Declination [deg]
# vg            : Geocentric velocity [km/s]
# wc            : Wavelet coefficient
# wc_m          : Median wavelet coefficent at ll_0, Beta and vg through the year
# wc_s          : Total standard deviation of the wavelet coefficient minus the median at ll_0, beta and vg through the year
# r_cnt         : Number of radiants used to calculate the wavelet coefficient
# xsigma        : Number of standard deviations by which wc exceeds wc_m
# RA drift      : Drift in right ascension per degree of solar longitude [deg]
# d_RA drift    : Error in RA drift [deg]
# Dec drift     : Drift in declination per degree of solar longitude [deg]
# d_Dec drift   : Error in Dec drift [deg]
# r             : Correlation coefficient of the linear drift fits
