1386.3
1407.6
1409.3
1431.4
1447.9
1452.2
1458.1
1458.4
1462.8
1463.0
1464.4
1468.2
1468.4
1486.9
1489.8
1490.4
1491.2
1491.8
1497.9
1502.8
1504.7
1504.8
1505.5
1506.9
1508.1
1511.4
1516.8
1517.8
1522.5
1523.5
1523.5
1523.5
1524.7
1525.3
1527.3
1529.1
1529.9
1532.1
1533.6
1536.3
1541.0
1545.9
1547.6
1549.5
1550.4
1551.4
1551.8
1553.0
1556.0
1556.7
1558.7
1559.1
1559.5
1562.4
1563.9
1565.4
1568.0
1569.9
1571.3
1571.5
1571.6
1571.7
1572.1
1572.7
1572.8
1573.3
1573.5
1574.1
1579.8
1580.9
1581.1
1581.6
1581.8
1582.5
1582.8
1583.6
1584.3
1584.8
1588.5
1591.5
1591.6
1591.6
1592.7
1593.3
1594.9
1595.7
1598.1
1598.5
1599.7
1600.0
1601.9
1604.2
1605.5
1606.4
1607.6
1607.8
1608.2
1609.3
1609.6
1611.0
1611.5
1611.5
1611.6
1611.7
1612.5
1612.5
1612.7
1613.4
1613.7
1614.8
1615.1
1616.0
1617.4
1618.0
1619.1
1620.4
1620.7
1622.5
1622.9
1623.7
1624.8
1627.1
1628.8
1629.1
1629.6
1630.6
1630.7
1631.8
1632.1
1632.4
1632.8
1633.5
1633.6
1634.4
1635.4
1635.6
1636.7
1636.9
1637.0
1638.5
1638.8
1639.0
1639.2
1639.2
1639.7
1639.8
1640.6
1640.8
1641.1
1641.1
1641.2
1642.7
1643.2
1643.4
1643.6
1643.6
1643.7
1643.7
1644.5
1644.8
1644.8
1644.9
1646.1
1646.2
1647.2
1647.3
1647.3
1647.4
1647.8
1648.1
1648.3
1649.4
1649.6
1650.0
1650.8
1650.9
1651.0
1651.7
1652.2
1653.0
1653.3
1653.6
1654.2
1654.7
1656.4
1656.5
1656.7
1657.1
1657.9
1658.3
1658.3
1658.9
1659.1
1659.6
1659.6
1659.6
1660.7
1661.1
1662.5
1662.9
1662.9
1663.0
1663.5
1664.2
1664.4
1665.6
1665.7
1665.9
1666.5
1667.5
1668.1
1668.9
1669.6
1669.9
1670.1
1670.7
1671.4
1671.4
1671.7
1672.0
1672.1
1672.3
1672.9
1673.1
1674.0
1674.2
1674.9
1678.1
1678.2
1679.0
1679.3
1679.6
1680.3
1680.8
1681.7
1681.7
1683.1
1683.5
1683.6
1684.1
1684.6
1684.9
1685.4
1685.6
1685.9
1686.5
1686.5
1686.6
1687.0
1687.3
1687.5
1690.0
1690.7
1690.9
1691.5
1691.9
1692.1
1692.7
1692.9
1693.7
1693.8
1694.1
1694.1
1695.5
1695.7
1697.3
1697.5
1697.6
1698.2
1698.8
1699.5
1700.9
1701.2
1701.5
1702.2
1703.3
1703.7
1704.6
1705.3
1705.9
1706.1
1706.3
1706.5
1708.5
1708.8
1708.8
1710.0
1710.0
1710.6
1711.6
1712.2
1712.3
1713.3
1713.5
1713.9
1714.0
1714.5
1714.5
1714.5
1715.5
1717.4
1717.4
1717.9
1718.0
1718.1
1718.5
1718.5
1718.7
1718.8
1718.9
1719.1
1719.2
1719.7
1719.9
1720.3
1722.2
1722.3
1722.7
1723.1
1723.2
1724.4
1725.2
1725.8
1725.9
1726.1
1726.2
1726.3
1726.8
1727.0
1727.3
1727.4
1728.1
1728.5
1728.5
1728.7
1729.6
1730.0
1730.3
1730.4
1731.5
1731.8
1731.8
1732.5
1732.5
1733.8
1734.8
1735.4
1735.6
1735.6
1736.0
1736.7
1736.7
1737.6
1737.8
1738.3
1738.4
1738.7
1739.4
1739.7
1739.9
1740.2
1741.2
1741.2
1741.5
1741.6
1742.0
1742.4
1743.0
1743.2
1743.3
1743.8
1743.9
1744.1
1744.4
1744.6
1745.2
1746.3
1746.7
1748.1
1748.8
1748.9
1749.1
1749.6
1749.8
1749.9
1751.3
1751.3
1751.9
1752.4
1754.6
1754.9
1755.1
1755.1
1755.3
1756.5
1757.3
1757.4
1757.7
1758.0
1758.3
1758.5
1758.7
1758.8
1759.6
1759.7
1759.7
1760.4
1760.7
1760.9
1761.2
1761.5
1761.6
1761.7
1761.8
1761.8
1763.2
1763.7
1763.8
1763.9
1764.1
1765.0
1765.4
1765.7
1766.0
1766.8
1767.3
1768.0
1768.2
1768.6
1768.8
1768.9
1769.0
1769.9
1770.9
1771.4
1772.6
1772.7
1772.8
1773.3
1774.8
1774.8
1774.9
1775.0
1775.6
1776.0
1776.9
1777.3
1779.1
1779.8
1780.6
1781.1
1781.5
1781.7
1781.8
1782.0
1782.2
1782.3
1782.9
1783.7
1784.5
1784.6
1784.6
1784.7
1785.1
1785.2
1785.5
1786.2
1786.2
1786.4
1786.4
1786.9
1787.0
1787.1
1787.7
1787.8
1787.9
1789.2
1790.2
1790.3
1790.4
1790.8
1791.5
1791.6
1791.8
1792.0
1792.7
1792.7
1793.4
1793.5
1793.7
1794.4
1795.2
1796.1
1796.3
1796.7
1797.3
1797.6
1797.7
1797.8
1798.0
1798.1
1798.1
1798.6
1798.9
1799.1
1799.8
1799.9
1800.0
1800.4
1800.6
1801.4
1802.0
1802.1
1802.4
1803.0
1803.5
1804.1
1804.7
1804.8
1805.7
1806.3
1806.3
1806.5
1806.5
1806.7
1806.9
1807.2
1807.8
1808.2
1808.9
1809.3
1809.4
1810.0
1811.0
1811.5
1812.3
1813.1
1813.6
1813.6
1813.7
1813.9
1815.2
1815.5
1815.6
1815.7
1816.2
1816.9
1817.0
1817.0
1817.3
1817.4
1817.4
1818.0
1818.7
1818.9
1819.7
1819.7
1821.1
1821.1
1821.2
1821.7
1821.8
1821.9
1822.5
1822.5
1822.6
1823.1
1823.5
1823.6
1824.2
1824.4
1825.6
1825.6
1825.7
1826.2
1826.5
1826.6
1826.7
1827.6
1827.8
1827.8
1828.9
1830.1
1830.2
1830.9
1831.8
1832.3
1832.5
1833.0
1833.0
1833.0
1833.1
1833.3
1834.4
1836.0
1836.2
1836.6
1836.8
1837.0
1837.2
1837.3
1837.6
1837.9
1838.2
1838.6
1838.9
1839.1
1839.1
1839.6
1840.1
1840.8
1841.0
1841.6
1842.2
1842.3
1843.8
1843.9
1844.9
1844.9
1845.9
1846.1
1846.1
1846.1
1846.5
1846.6
1847.6
1847.6
1848.5
1849.4
1849.6
1849.6
1850.7
1851.4
1851.7
1852.0
1852.2
1852.3
1852.3
1852.8
1852.8
1852.9
1853.8
1853.9
1854.0
1854.5
1855.7
1856.0
1856.2
1856.6
1856.8
1856.9
1857.3
1858.4
1858.8
1858.8
1859.3
1859.6
1859.9
1859.9
1860.2
1860.2
1860.4
1860.5
1860.5
1860.6
1860.9
1861.3
1861.3
1862.1
1862.7
1862.9
1863.0
1863.5
1863.7
1864.2
1864.4
1864.5
1865.3
1866.0
1866.5
1866.6
1867.4
1867.4
1867.4
1867.9
1868.0
1868.5
1869.1
1869.5
1870.7
1871.7
1871.9
1872.1
1872.3
1872.7
1873.9
1874.0
1874.2
1874.7
1874.9
1877.2
1877.3
1877.6
1878.0
1878.3
1878.5
1879.4
1879.7
1880.3
1880.4
1880.6
1882.7
1883.0
1883.7
1883.7
1883.8
1884.1
1884.4
1884.4
1885.0
1885.3
1885.5
1885.9
1886.0
1886.6
1887.0
1888.1
1888.4
1888.6
1888.8
1889.3
1889.3
1889.8
1890.1
1890.7
1891.3
1891.9
1893.3
1893.7
1893.9
1894.0
1894.3
1894.4
1895.2
1895.9
1897.0
1897.1
1897.2
1897.2
1898.4
1899.3
1899.8
1900.6
1900.7
1900.9
1901.0
1901.1
1901.4
1901.9
1903.4
1904.3
1904.6
1904.9
1905.2
1906.2
1906.3
1906.5
1907.0
1907.2
1907.4
1907.4
1908.0
1908.0
1908.1
1908.2
1908.4
1908.5
1908.7
1909.5
1909.7
1909.7
1910.3
1910.5
1910.7
1911.2
1911.3
1911.8
1912.5
1912.6
1912.9
1913.5
1913.5
1913.5
1913.7
1914.4
1914.5
1914.7
1915.0
1915.6
1915.6
1915.7
1915.9
1916.2
1916.3
1917.8
1918.1
1918.3
1918.6
1918.7
1919.1
1919.2
1919.6
1920.2
1921.6
1922.1
1922.3
1922.3
1922.5
1922.5
1922.6
1923.1
1923.8
1924.0
1924.3
1924.8
1925.1
1925.5
1925.6
1926.5
1926.7
1926.8
1926.9
1926.9
1927.8
1928.5
1928.5
1929.0
1929.1
1929.3
1929.4
1929.5
1930.0
1930.0
1930.4
1931.8
1932.5
1932.6
1933.4
1934.0
1934.4
1934.6
1934.7
1935.1
1935.2
1935.9
1936.0
1936.5
1936.6
1936.8
1937.4
1937.9
1938.1
1939.2
1939.6
1939.9
1939.9
1940.4
1941.0
1941.4
1941.6
1942.4
1942.8
1943.7
1943.7
1943.8
1943.8
1944.6
1944.8
1945.1
1945.8
1946.2
1946.3
1947.6
1948.0
1948.9
1950.4
1950.6
1950.8
1951.0
1952.3
1952.4
1953.0
1954.3
1954.5
1954.9
1955.3
1955.3
1955.7
1956.5
1958.0
1958.1
1958.4
1958.5
1958.6
1959.3
1959.6
1959.6
1959.8
1960.3
1960.6
1960.6
1961.4
1961.5
1961.7
1962.1
1962.2
1962.3
1962.9
1963.1
1963.4
1963.5
1964.1
1965.6
1965.8
1966.1
1966.2
1967.3
1967.4
1967.8
1967.9
1968.6
1969.1
1969.1
1969.2
1969.6
1970.1
1970.2
1970.4
1970.5
1971.0
1971.4
1971.8
1972.8
1973.5
1973.7
1973.8
1974.6
1974.9
1975.2
1976.7
1976.9
1977.4
1977.6
1977.7
1978.0
1979.5
1979.5
1980.6
1980.8
1981.1
1981.8
1983.2
1983.3
1983.8
1984.5
1985.2
1985.4
1985.9
1986.1
1986.3
1986.3
1987.4
1987.5
1987.6
1987.8
1988.2
1988.2
1988.3
1988.5
1988.7
1989.2
1989.8
1990.0
1990.0
1990.2
1990.6
1990.7
1991.5
1992.4
1992.4
1992.6
1993.1
1993.5
1994.3
1995.0
1995.2
1995.7
1995.8
1995.9
1996.1
1996.2
1996.7
1997.1
1997.6
1997.7
1998.4
1998.7
1999.4
1999.6
1999.7
1999.9
2000.9
2001.3
2001.8
2001.8
2002.6
2002.8
2002.8
2003.2
2003.4
2004.1
2004.2
2004.3
2004.5
2004.5
2004.6
2004.7
2004.8
2004.8
2005.3
2005.9
2006.3
2006.6
2006.9
2007.1
2007.1
2007.3
2008.1
2008.3
2008.3
2008.6
2008.8
2008.9
2009.1
2009.7
2009.8
2010.8
2010.8
2011.1
2011.7
2011.9
2012.2
2013.0
2013.3
2013.5
2013.9
2014.6
2014.8
2014.8
2015.5
2015.8
2015.8
2016.4
2016.5
2017.1
2017.2
2017.7
2017.7
2018.1
2019.1
2019.8
2020.6
2020.9
2021.6
2022.5
2022.6
2022.9
2023.3
2023.4
2023.8
2024.5
2024.6
2024.9
2025.0
2025.6
2027.1
2027.3
2027.4
2027.5
2027.7
2027.7
2027.9
2028.6
2028.9
2028.9
2029.0
2029.3
2030.0
2030.3
2031.3
2031.7
2031.8
2032.4
2033.4
2034.4
2034.6
2035.5
2035.6
2036.1
2036.1
2036.6
2037.0
2037.1
2037.1
2038.8
2039.1
2040.3
2041.5
2043.0
2044.1
2044.9
2045.0
2045.6
2045.8
2045.9
2046.0
2046.1
2046.3
2046.3
2046.6
2047.4
2047.4
2048.1
2048.1
2048.2
2048.8
2048.9
2049.2
2050.0
2051.2
2051.4
2051.5
2051.5
2051.7
2052.0
2052.4
2053.3
2053.9
2054.0
2054.5
2055.1
2055.3
2056.8
2058.3
2058.4
2058.8
2059.4
2061.0
2061.8
2062.4
2062.8
2063.0
2063.9
2064.0
2065.3
2065.3
2066.2
2067.1
2067.4
2067.7
2067.9
2068.4
2068.4
2071.2
2071.3
2071.7
2072.2
2072.2
2072.8
2073.4
2073.6
2073.7
2073.8
2074.2
2075.8
2076.6
2076.7
2077.8
2078.0
2078.0
2079.3
2080.5
2081.0
2081.5
2081.8
2083.2
2083.5
2084.1
2084.5
2084.5
2087.0
2087.7
2087.8
2089.3
2089.4
2089.7
2090.0
2091.5
2092.1
2092.4
2093.1
2093.6
2093.8
2093.9
2094.1
2094.2
2094.9
2095.3
2095.4
2095.4
2096.2
2096.3
2096.6
2096.8
2097.2
2097.4
2098.7
2098.9
2099.2
2099.9
2100.4
2100.7
2100.8
2101.2
2102.0
2102.1
2102.3
2102.7
2103.2
2103.6
2104.4
2104.7
2104.9
2105.0
2105.2
2105.7
2106.8
2107.1
2107.2
2107.2
2107.2
2107.5
2107.5
2108.6
2108.7
2110.2
2111.0
2111.2
2111.3
2111.4
2111.5
2112.0
2112.3
2112.5
2112.7
2112.8
2114.6
2114.6
2115.0
2115.1
2116.3
2117.3
2117.3
2117.7
2117.8
2118.2
2119.3
2119.4
2120.7
2120.8
2120.8
2121.5
2122.2
2122.7
2122.8
2123.7
2124.6
2126.3
2126.3
2126.8
2126.9
2128.0
2128.1
2128.3
2129.0
2129.5
2129.5
2129.6
2130.7
2130.9
2131.2
2131.9
2131.9
2132.4
2132.5
2133.5
2133.8
2133.8
2134.5
2134.5
2134.7
2134.8
2136.7
2137.0
2138.2
2139.7
2140.1
2140.3
2141.7
2142.1
2142.3
2142.6
2142.9
2144.1
2144.7
2145.6
2145.6
2145.7
2146.1
2146.1
2146.4
2146.5
2146.6
2146.7
2148.1
2148.3
2149.3
2149.7
2149.8
2150.0
2150.4
2150.5
2151.0
2151.3
2151.5
2152.0
2152.3
2152.6
2153.0
2153.0
2153.4
2153.5
2153.6
2154.1
2154.5
2154.6
2155.1
2155.3
2155.8
2156.6
2156.8
2157.2
2157.5
2158.2
2159.2
2159.3
2160.0
2160.1
2160.3
2160.6
2160.7
2160.8
2161.2
2161.3
2161.6
2162.0
2162.0
2162.3
2162.4
2162.9
2163.5
2163.5
2163.6
2163.9
2164.9
2164.9
2165.0
2165.6
2166.2
2167.4
2169.0
2170.0
2170.0
2170.1
2170.4
2170.8
2171.5
2172.0
2172.6
2173.0
2173.8
2174.0
2174.3
2174.3
2174.6
2174.6
2175.9
2176.0
2176.3
2176.3
2176.5
2176.5
2176.7
2176.8
2177.4
2177.6
2177.8
2178.0
2179.4
2179.7
2179.9
2180.3
2180.5
2181.5
2182.1
2183.8
2184.0
2184.5
2185.1
2185.1
2185.3
2185.7
2186.7
2186.8
2187.6
2187.9
2189.1
2189.2
2190.6
2190.9
2191.4
2192.8
2193.4
2193.9
2194.0
2194.1
2194.3
2194.4
2194.4
2195.5
2196.0
2196.0
2196.4
2196.4
2197.8
2198.3
2198.6
2198.7
2199.3
2199.4
2199.4
2200.4
2200.6
2203.3
2203.6
2204.1
2205.2
2206.4
2206.7
2207.8
2208.9
2209.1
2209.1
2209.4
2209.6
2210.2
2211.0
2211.8
2212.1
2212.1
2212.7
2213.4
2213.9
2214.1
2214.2
2214.4
2214.4
2214.6
2214.6
2215.4
2217.8
2218.6
2218.8
2219.0
2219.0
2219.5
2219.7
2219.7
2220.2
2223.5
2223.7
2223.9
2224.9
2225.3
2226.0
2226.0
2226.3
2226.3
2228.4
2229.3
2231.3
2231.5
2232.0
2232.5
2232.6
2233.3
2233.6
2235.3
2235.4
2235.6
2236.9
2237.7
2237.8
2238.6
2239.4
2239.4
2239.5
2239.8
2239.9
2240.1
2240.3
2240.9
2241.0
2242.1
2242.1
2242.9
2243.5
2244.1
2244.2
2244.4
2244.5
2244.7
2244.9
2245.0
2245.8
2246.7
2246.8
2247.0
2247.4
2247.6
2247.8
2248.0
2248.0
2249.1
2250.6
2250.7
2251.1
2251.4
2253.0
2253.0
2253.2
2253.2
2253.2
2253.5
2253.7
2254.1
2254.4
2254.9
2255.5
2255.9
2256.6
2256.8
2256.9
2257.2
2257.2
2257.7
2258.6
2259.3
2259.9
2261.1
2261.2
2262.0
2262.6
2263.9
2264.2
2264.5
2264.8
2264.8
2265.1
2266.1
2266.2
2266.3
2266.6
2266.9
2267.0
2267.5
2269.3
2269.4
2269.5
2269.7
2270.7
2271.0
2271.3
2271.4
2271.7
2272.0
2272.1
2272.8
2273.5
2274.2
2275.6
2275.6
2275.8
2276.0
2276.3
2276.4
2276.4
2277.2
2277.3
2277.4
2277.5
2277.8
2278.8
2279.4
2279.7
2281.1
2281.9
2282.0
2282.4
2282.7
2283.4
2283.5
2283.6
2283.7
2284.2
2285.0
2286.4
2286.5
2287.5
2287.6
2288.0
2288.5
2289.6
2289.6
2289.9
2290.3
2290.3
2291.6
2292.1
2292.3
2292.3
2292.4
2292.5
2292.8
2293.0
2293.2
2293.3
2293.7
2293.9
2294.2
2294.4
2294.5
2294.5
2294.8
2294.9
2295.0
2295.5
2296.3
2296.9
2296.9
2297.3
2297.4
2297.7
2298.7
2299.0
2300.1
2300.7
2301.6
2301.7
2302.0
2302.0
2302.1
2302.3
2302.4
2303.6
2304.8
2305.5
2305.6
2305.8
2305.8
2306.0
2306.3
2306.3
2307.8
2309.3
2309.6
2310.2
2310.6
2310.7
2311.2
2311.7
2312.0
2312.4
2313.1
2313.1
2313.9
2314.2
2314.5
2314.8
2315.2
2316.8
2317.7
2317.9
2318.4
2318.6
2318.6
2318.7
2318.8
2319.1
2319.2
2321.1
2321.2
2321.4
2321.4
2321.7
2321.9
2322.3
2322.3
2322.5
2323.0
2323.5
2324.7
2325.5
2325.9
2326.5
2327.2
2327.7
2327.8
2328.1
2329.2
2330.2
2330.3
2330.5
2330.7
2331.9
2332.6
2333.2
2333.8
2334.2
2334.3
2334.7
2334.7
2335.1
2336.1
2336.4
2336.7
2336.7
2336.7
2336.9
2337.4
2337.9
2338.4
2338.4
2338.5
2338.5
2338.6
2338.9
2338.9
2340.0
2340.5
2340.9
2341.5
2341.9
2342.1
2342.3
2342.9
2343.9
2344.1
2344.2
2344.6
2345.7
2346.1
2346.3
2347.0
2347.0
2347.6
2348.8
2349.5
2349.7
2350.7
2351.2
2351.7
2351.9
2352.7
2353.1
2353.6
2354.2
2355.7
2356.2
2356.4
2356.6
2357.4
2357.9
2358.6
2358.6
2358.7
2358.7
2359.0
2359.5
2359.6
2359.6
2361.5
2361.8
2361.9
2362.2
2362.8
2363.4
2364.2
2364.8
2366.1
2366.3
2367.6
2367.7
2368.0
2368.5
2368.8
2370.4
2371.1
2371.2
2373.1
2374.2
2374.3
2374.4
2374.7
2374.9
2375.1
2375.3
2375.4
2376.4
2376.7
2376.8
2376.9
2377.6
2377.6
2377.8
2379.5
2379.7
2380.0
2380.3
2380.6
2380.7
2381.0
2381.2
2381.4
2382.5
2382.6
2382.8
2383.1
2383.4
2385.5
2385.7
2386.0
2386.7
2387.4
2388.0
2388.1
2388.7
2388.7
2389.4
2389.4
2389.8
2389.9
2390.5
2390.5
2390.8
2391.6
2391.7
2392.0
2392.1
2393.2
2393.2
2393.8
2393.9
2395.5
2395.8
2395.9
2396.2
2398.8
2400.7
2401.0
2401.3
2401.6
2402.1
2402.4
2402.8
2403.5
2403.8
2404.0
2404.6
2404.9
2405.3
2405.4
2405.5
2406.6
2406.8
2406.8
2407.8
2408.2
2408.9
2409.0
2409.4
2409.6
2409.9
2410.6
2411.4
2411.8
2412.2
2413.2
2413.5
2415.6
2416.3
2416.6
2416.7
2417.3
2417.4
2417.5
2417.9
2418.0
2418.3
2418.9
2419.2
2419.4
2420.8
2420.9
2421.1
2421.6
2421.8
2422.1
2422.2
2422.3
2422.4
2422.7
2423.1
2423.2
2424.9
2425.2
2425.3
2425.9
2426.5
2426.6
2426.7
2426.9
2427.9
2428.5
2429.6
2429.7
2430.6
2430.8
2430.9
2431.3
2432.0
2432.1
2432.4
2432.7
2433.2
2433.2
2433.2
2433.4
2433.4
2434.2
2434.8
2435.1
2435.4
2435.4
2436.4
2437.3
2437.4
2438.2
2438.7
2439.1
2439.6
2440.4
2440.5
2440.6
2442.2
2442.3
2442.6
2442.6
2442.7
2443.0
2443.5
2443.7
2444.3
2445.9
2447.1
2447.5
2447.8
2448.1
2449.2
2449.4
2449.9
2450.1
2451.7
2452.0
2452.7
2452.8
2453.1
2453.8
2454.0
2454.1
2454.5
2454.5
2455.1
2455.5
2455.6
2456.9
2457.9
2458.1
2458.9
2459.2
2459.7
2460.0
2460.9
2461.0
2461.2
2461.6
2462.8
2464.0
2464.1
2464.1
2464.6
2466.0
2466.3
2466.9
2467.8
2467.9
2468.1
2469.2
2469.3
2469.4
2469.6
2469.8
2469.9
2470.4
2471.6
2471.7
2473.4
2473.5
2474.2
2477.1
2477.6
2477.7
2477.9
2480.1
2480.8
2480.9
2481.3
2481.4
2481.8
2482.1
2482.2
2482.4
2482.6
2482.9
2484.4
2485.8
2485.9
2486.5
2487.6
2488.6
2488.9
2489.0
2490.3
2490.5
2490.7
2491.4
2491.4
2491.5
2491.7
2492.4
2492.9
2493.2
2494.1
2494.9
2494.9
2495.4
2496.0
2496.3
2496.5
2497.6
2497.7
2498.8
2499.9
2500.0
2500.2
2500.3
2500.4
2501.0
2501.6
2501.7
2501.8
2502.5
2503.6
2503.8
2504.1
2505.9
2505.9
2506.1
2506.8
2506.8
2507.3
2507.7
2508.0
2509.1
2509.2
2509.4
2509.7
2510.2
2510.3
2513.7
2515.2
2515.3
2516.6
2517.7
2517.9
2518.2
2518.2
2518.2
2518.4
2519.0
2519.1
2519.3
2519.3
2520.8
2521.5
2521.6
2521.9
2522.4
2523.0
2523.4
2523.5
2523.5
2523.5
2524.3
2524.8
2525.8
2526.8
2527.8
2528.6
2528.6
2529.0
2529.5
2530.5
2531.0
2531.1
2532.1
2532.6
2533.4
2533.4
2534.2
2534.3
2535.4
2536.2
2537.6
2539.1
2539.2
2539.6
2539.7
2541.0
2541.0
2541.6
2541.6
2542.2
2542.3
2542.7
2546.1
2546.7
2546.8
2547.5
2548.5
2549.6
2549.9
2550.6
2550.8
2552.7
2553.1
2553.3
2553.5
2553.7
2553.8
2553.8
2554.0
2554.9
2554.9
2555.1
2555.2
2556.1
2556.7
2556.7
2556.9
2557.1
2557.5
2557.7
2558.1
2559.7
2561.2
2561.9
2562.3
2562.6
2562.6
2563.0
2563.6
2563.9
2565.2
2566.5
2566.6
2567.2
2567.2
2568.6
2569.4
2569.7
2569.8
2569.9
2569.9
2570.0
2570.1
2570.7
2572.3
2572.6
2572.6
2572.8
2573.4
2573.6
2573.8
2574.3
2574.4
2574.9
2575.0
2575.8
2576.0
2576.6
2576.7
2579.7
2579.9
2581.0
2581.2
2581.6
2582.3
2582.4
2583.6
2584.0
2585.2
2585.4
2585.6
2586.4
2588.1
2588.1
2588.8
2588.8
2589.8
2589.8
2590.3
2590.5
2590.5
2590.7
2590.8
2590.9
2591.2
2592.2
2593.1
2593.3
2594.3
2595.2
2596.1
2597.1
2597.8
2597.8
2598.5
2598.5
2598.5
2599.0
2599.4
2599.5
2599.6
2601.5
2602.0
2602.5
2602.6
2603.8
2604.1
2604.7
2605.3
2605.6
2606.0
2606.6
2606.9
2607.6
2607.7
2610.0
2610.4
2611.6
2611.9
2611.9
2613.2
2613.4
2613.6
2614.2
2616.1
2616.2
2616.9
2618.2
2618.3
2619.1
2619.2
2620.3
2621.2
2623.6
2624.5
2624.7
2625.5
2625.9
2626.1
2628.2
2628.5
2629.3
2629.7
2629.9
2630.9
2631.1
2631.4
2632.0
2632.0
2632.7
2632.8
2632.9
2633.0
2634.0
2635.5
2636.9
2637.4
2637.4
2638.4
2638.6
2638.7
2638.8
2641.2
2643.0
2643.2
2643.7
2643.8
2644.7
2644.9
2645.6
2646.2
2646.8
2648.2
2648.6
2648.8
2648.9
2649.9
2650.0
2650.2
2650.3
2651.5
2652.6
2652.7
2652.8
2653.0
2653.0
2653.2
2653.7
2655.6
2655.9
2656.0
2656.4
2656.8
2656.9
2657.6
2659.1
2659.8
2660.1
2661.3
2662.1
2663.9
2664.8
2665.0
2665.9
2666.6
2667.0
2667.8
2667.8
2668.3
2668.7
2669.0
2670.2
2670.9
2671.0
2671.5
2674.9
2675.0
2675.0
2676.4
2676.7
2677.0
2677.1
2677.8
2677.9
2679.1
2679.5
2680.2
2680.8
2681.3
2681.4
2682.7
2685.5
2685.6
2687.5
2687.8
2688.3
2689.0
2689.8
2689.9
2690.0
2690.0
2691.0
2691.0
2691.2
2691.6
2692.0
2692.6
2692.6
2692.7
2692.8
2693.1
2694.1
2694.4
2694.5
2695.6
2697.6
2698.4
2698.6
2698.8
2699.1
2700.6
2700.6
2700.8
2701.9
2702.1
2702.6
2702.9
2704.3
2704.7
2705.4
2706.3
2707.9
2708.6
2708.9
2708.9
2709.0
2709.3
2712.2
2713.6
2715.0
2716.8
2717.9
2718.1
2718.9
2719.1
2719.7
2720.1
2720.7
2721.3
2721.7
2721.9
2722.6
2723.7
2723.8
2725.0
2726.8
2727.2
2727.3
2727.3
2727.8
2727.8
2728.3
2728.8
2728.9
2729.9
2730.8
2731.0
2731.1
2733.4
2734.2
2734.2
2734.5
2735.3
2735.6
2735.8
2735.9
2736.0
2737.4
2737.7
2737.8
2738.0
2738.6
2739.3
2739.7
2740.1
2740.3
2740.6
2741.2
2741.4
2742.3
2742.4
2743.0
2743.0
2743.6
2745.2
2746.3
2746.4
2746.6
2747.9
2748.2
2748.9
2749.3
2749.7
2751.3
2751.4
2752.1
2752.4
2752.6
2752.8
2753.3
2753.4
2754.5
2754.6
2754.9
2756.5
2756.5
2757.8
2758.2
2758.4
2759.1
2759.3
2760.4
2760.8
2760.8
2761.8
2761.8
2762.0
2762.3
2762.7
2762.8
2763.3
2763.6
2763.6
2764.6
2764.7
2765.0
2765.0
2765.3
2765.5
2765.5
2766.9
2767.0
2767.4
2767.7
2767.9
2768.4
2769.1
2769.4
2769.4
2769.6
2769.8
2769.9
2770.0
2771.4
2772.9
2773.2
2773.4
2773.5
2775.0
2775.3
2778.3
2778.3
2778.4
2778.4
2778.4
2778.8
2779.2
2780.5
2780.5
2781.7
2782.4
2782.6
2782.9
2783.3
2783.4
2784.2
2785.2
2785.4
2785.5
2785.8
2786.0
2786.3
2786.8
2787.6
2787.8
2788.2
2788.7
2789.1
2789.5
2789.8
2790.1
2790.1
2790.2
2791.3
2791.3
2792.6
2793.9
2794.0
2794.1
2794.3
2794.5
2794.6
2796.7
2797.4
2797.5
2798.0
2798.1
2798.7
2799.0
2799.8
2800.0
2800.4
2801.4
2801.8
2802.5
2804.1
2804.1
2804.2
2804.2
2804.2
2805.4
2805.9
2806.2
2807.3
2807.4
2807.6
2808.2
2808.5
2808.5
2808.6
2809.3
2809.9
2810.1
2810.5
2810.6
2810.8
2811.1
2811.6
2812.2
2812.8
2813.8
2814.1
2815.8
2816.3
2816.6
2818.0
2818.2
2818.5
2820.9
2821.0
2821.1
2821.1
2821.3
2821.5
2822.0
2823.1
2823.2
2823.4
2823.6
2823.8
2824.6
2825.6
2825.7
2826.4
2827.0
2828.1
2829.0
2829.7
2829.8
2831.0
2831.4
2831.7
2832.4
2832.7
2832.7
2834.0
2834.1
2834.3
2834.3
2835.0
2835.1
2835.5
2837.0
2837.1
2837.4
2838.6
2839.6
2840.0
2841.1
2841.2
2841.2
2841.8
2841.8
2842.5
2843.7
2844.3
2844.4
2845.3
2847.8
2848.2
2848.4
2848.6
2848.7
2849.1
2849.2
2849.2
2849.9
2850.4
2850.7
2851.7
2853.2
2856.3
2856.6
2856.7
2857.3
2857.5
2857.8
2858.0
2858.2
2858.4
2859.2
2859.5
2859.9
2863.9
2864.9
2866.1
2866.2
2867.2
2867.4
2867.7
2869.7
2870.5
2870.8
2871.8
2871.9
2872.8
2873.0
2873.3
2874.2
2875.4
2875.7
2875.8
2877.2
2877.5
2878.1
2878.3
2878.5
2878.8
2879.8
2879.9
2880.0
2880.1
2880.6
2881.1
2882.2
2882.9
2884.2
2884.5
2884.5
2884.5
2884.6
2885.8
2886.9
2887.4
2889.6
2889.7
2890.0
2890.4
2890.5
2892.1
2893.2
2893.2
2893.6
2894.1
2894.7
2894.8
2895.0
2895.4
2895.7
2896.4
2896.5
2898.0
2898.3
2899.5
2899.7
2899.7
2900.2
2902.0
2903.0
2903.3
2903.7
2903.9
2906.4
2906.6
2908.1
2908.7
2909.6
2910.1
2910.7
2911.0
2912.1
2913.1
2913.5
2914.0
2915.3
2915.9
2915.9
2916.3
2917.0
2917.2
2917.3
2918.1
2918.6
2918.9
2919.0
2919.6
2920.6
2920.7
2921.4
2922.1
2923.9
2924.2
2927.4
2929.2
2929.6
2929.9
2930.3
2930.4
2930.7
2930.8
2930.9
2931.5
2932.0
2932.1
2934.0
2935.4
2935.6
2936.3
2937.1
2937.1
2937.1
2937.4
2937.7
2938.3
2938.6
2939.2
2939.3
2939.3
2939.6
2940.4
2940.5
2940.7
2941.6
2941.6
2943.6
2943.7
2943.9
2944.6
2944.8
2945.2
2946.9
2947.9
2948.0
2948.4
2948.9
2949.0
2950.3
2950.6
2951.8
2953.0
2953.1
2953.2
2954.5
2954.6
2956.7
2956.8
2957.0
2957.0
2958.3
2958.7
2962.0
2964.4
2965.7
2966.1
2966.9
2966.9
2968.0
2968.9
2968.9
2969.6
2969.7
2970.5
2972.0
2972.2
2972.3
2972.4
2972.4
2973.6
2973.6
2974.3
2975.3
2976.5
2977.1
2977.8
2977.8
2978.0
2978.5
2979.4
2980.3
2980.3
2980.7
2982.1
2982.4
2982.8
2982.9
2983.2
2983.7
2984.5
2984.6
2984.7
2984.8
2985.2
2985.3
2985.7
2986.2
2986.7
2987.3
2989.0
2989.7
2989.8
2989.9
2991.4
2991.5
2991.5
2992.2
2992.6
2995.2
2996.5
2996.7
2997.3
2997.6
2997.8
2998.8
2999.2
3000.0
3000.1
3000.1
3000.1
3000.3
3001.1
3001.5
3001.5
3003.1
3003.2
3004.0
3005.1
3005.2
3005.5
3005.5
3005.7
3005.8
3006.1
3006.2
3007.2
3007.2
3007.7
3008.9
3010.6
3011.3
3011.4
3011.6
3012.8
3013.2
3013.2
3013.5
3015.3
3016.7
3017.1
3017.7
3018.3
3018.6
3019.1
3020.0
3020.8
3021.6
3022.4
3023.1
3023.6
3025.5
3026.1
3026.6
3026.6
3026.9
3027.7
3027.9
3028.1
3028.6
3029.4
3030.2
3030.5
3031.2
3031.4
3031.6
3033.0
3033.9
3034.3
3035.1
3036.0
3037.1
3037.6
3038.2
3038.2
3039.2
3040.2
3040.7
3041.2
3042.1
3044.5
3047.0
3047.4
3047.9
3048.6
3049.7
3050.1
3050.9
3052.3
3053.8
3054.2
3054.3
3054.5
3055.4
3055.6
3055.8
3056.0
3056.0
3057.3
3058.1
3059.1
3060.3
3061.3
3061.3
3061.5
3062.5
3063.1
3063.4
3065.2
3066.8
3066.9
3068.9
3069.5
3070.1
3070.7
3070.9
3071.1
3071.8
3072.0
3072.1
3072.5
3073.3
3073.7
3074.4
3074.5
3074.7
3075.7
3076.9
3077.1
3078.8
3080.9
3081.1
3081.3
3081.5
3083.7
3084.9
3084.9
3085.5
3085.9
3086.2
3086.5
3087.9
3089.8
3089.8
3089.9
3091.4
3092.8
3092.8
3095.5
3097.2
3097.3
3097.9
3100.5
3101.0
3101.0
3101.4
3102.6
3103.6
3104.4
3106.8
3108.1
3108.5
3108.5
3108.8
3109.2
3109.5
3109.8
3110.3
3110.5
3110.9
3111.3
3111.8
3112.5
3113.1
3113.6
3113.8
3113.9
3114.1
3114.4
3115.2
3115.2
3115.8
3115.9
3116.5
3116.6
3116.8
3116.8
3117.4
3119.6
3120.2
3120.3
3120.5
3120.8
3122.0
3122.6
3123.0
3123.3
3123.6
3124.5
3125.6
3125.8
3126.7
3127.1
3129.5
3129.9
3130.6
3131.2
3131.6
3133.0
3135.0
3136.0
3136.9
3137.7
3138.0
3139.3
3139.5
3139.5
3139.5
3140.2
3140.6
3142.3
3142.9
3143.1
3143.6
3145.8
3146.4
3146.5
3147.5
3148.6
3149.4
3149.5
3150.3
3151.1
3152.1
3153.0
3153.4
3154.3
3156.3
3156.6
3158.3
3158.7
3159.0
3159.0
3159.2
3159.5
3159.7
3160.1
3160.5
3161.3
3161.5
3161.7
3162.0
3162.1
3162.2
3164.8
3165.0
3165.2
3166.6
3167.6
3168.0
3168.3
3168.4
3172.2
3173.7
3174.1
3174.2
3175.1
3176.0
3176.2
3176.7
3177.2
3178.6
3178.7
3179.1
3179.4
3179.8
3180.0
3181.7
3181.8
3182.8
3183.9
3185.8
3186.5
3187.7
3188.4
3191.0
3191.6
3192.0
3192.1
3193.3
3193.6
3194.0
3194.6
3195.2
3199.4
3201.3
3202.5
3203.3
3204.0
3205.7
3206.9
3210.4
3211.3
3211.7
3212.4
3213.2
3213.9
3214.6
3214.9
3215.3
3216.3
3218.1
3218.5
3219.4
3220.1
3220.4
3222.4
3225.8
3226.3
3226.4
3226.8
3227.7
3228.1
3228.1
3228.6
3228.8
3229.8
3230.4
3230.5
3232.0
3233.1
3234.3
3234.6
3234.9
3235.1
3237.0
3237.6
3239.2
3240.0
3242.6
3243.5
3244.4
3244.9
3246.4
3249.1
3249.2
3249.8
3251.3
3251.7
3254.1
3254.6
3255.3
3256.2
3257.5
3257.8
3257.9
3258.6
3258.8
3259.4
3259.7
3260.8
3261.1
3261.8
3263.1
3263.4
3264.1
3264.1
3265.4
3265.7
3266.1
3266.2
3267.3
3268.0
3268.0
3268.6
3268.7
3270.0
3270.2
3271.1
3273.9
3274.2
3274.7
3274.8
3275.0
3275.5
3277.2
3277.9
3278.0
3278.9
3279.1
3279.5
3280.3
3280.9
3284.1
3284.9
3285.2
3286.5
3286.8
3287.0
3287.0
3288.3
3288.3
3289.2
3290.2
3291.0
3291.8
3291.8
3292.2
3292.5
3293.9
3294.2
3295.4
3295.6
3296.8
3297.0
3297.0
3299.0
3300.1
3301.0
3301.5
3302.3
3302.8
3303.6
3303.6
3303.7
3304.2
3305.7
3306.0
3306.1
3306.9
3307.4
3308.2
3309.2
3309.2
3309.5
3309.5
3309.7
3310.5
3311.9
3312.4
3314.3
3316.7
3316.7
3318.7
3319.0
3319.7
3320.3
3320.6
3321.0
3321.2
3321.3
3322.1
3322.5
3323.5
3323.7
3324.1
3325.2
3325.7
3326.7
3327.2
3327.2
3327.2
3327.4
3327.5
3328.2
3328.5
3328.9
3329.2
3330.0
3331.7
3334.0
3334.4
3334.5
3334.6
3337.1
3337.5
3339.8
3339.8
3339.9
3340.0
3340.2
3340.4
3340.4
3340.6
3340.7
3340.9
3341.2
3341.8
3343.0
3343.2
3343.6
3343.8
3343.8
3344.4
3345.0
3347.3
3350.1
3350.4
3350.9
3351.9
3353.0
3353.1
3354.1
3354.5
3355.5
3355.5
3355.8
3357.3
3358.6
3359.1
3359.2
3360.1
3360.3
3361.3
3363.3
3363.9
3364.4
3364.8
3365.2
3365.4
3366.0
3367.6
3368.2
3368.4
3368.8
3369.1
3369.8
3370.1
3371.9
3372.2
3372.3
3374.0
3378.0
3378.4
3379.2
3379.4
3379.5
3380.0
3380.6
3382.1
3383.0
3383.0
3383.4
3383.9
3384.4
3384.6
3385.4
3385.8
3386.0
3386.3
3386.9
3387.7
3388.3
3388.7
3389.1
3389.5
3392.0
3392.7
3393.5
3394.2
3396.6
3396.9
3398.7
3399.0
3399.8
3400.1
3402.4
3404.5
3405.4
3405.7
3407.5
3407.6
3409.2
3409.4
3410.8
3411.7
3413.0
3413.8
3414.2
3415.2
3419.0
3419.4
3419.9
3420.6
3423.3
3424.4
3424.8
3425.7
3426.2
3426.4
3427.2
3427.3
3427.6
3429.7
3429.8
3431.1
3432.8
3434.7
3434.8
3435.4
3435.9
3436.3
3436.8
3437.2
3437.4
3437.6
3439.2
3439.9
3440.8
3441.4
3442.5
3443.7
3444.2
3444.4
3444.9
3446.0
3447.5
3449.4
3449.5
3449.6
3451.1
3451.1
3452.2
3452.4
3454.6
3455.2
3455.6
3456.5
3456.7
3457.6
3457.9
3458.0
3458.2
3459.9
3460.1
3461.2
3462.8
3464.4
3465.7
3465.8
3465.8
3466.4
3466.6
3466.7
3467.8
3468.2
3468.4
3470.3
3470.7
3471.0
3471.0
3471.5
3472.8
3475.4
3475.5
3475.7
3476.1
3478.0
3478.6
3478.7
3479.5
3479.8
3479.9
3480.9
3480.9
3481.9
3483.9
3484.0
3484.0
3484.4
3484.6
3485.0
3485.7
3486.4
3490.2
3490.3
3490.5
3490.7
3491.3
3492.3
3492.7
3493.3
3493.6
3494.2
3494.9
3495.1
3495.2
3497.1
3497.5
3497.6
3500.0
3500.3
3501.3
3501.7
3502.7
3503.0
3503.5
3504.4
3505.2
3505.5
3506.0
3506.2
3508.5
3510.6
3510.8
3511.5
3512.5
3512.6
3512.8
3514.0
3514.0
3514.1
3514.3
3514.9
3515.1
3515.5
3515.7
3516.1
3516.3
3516.3
3517.5
3518.3
3518.8
3519.2
3519.4
3520.7
3520.7
3520.9
3521.0
3522.1
3522.1
3522.3
3522.4
3523.0
3523.8
3524.6
3524.9
3525.0
3526.8
3527.4
3527.8
3527.8
3528.2
3529.1
3530.5
3532.7
3533.5
3533.9
3535.6
3536.3
3536.4
3536.4
3536.7
3537.4
3537.6
3537.8
3538.7
3538.7
3540.4
3540.7
3540.7
3542.0
3544.7
3544.7
3544.8
3545.2
3545.4
3546.4
3547.2
3547.7
3549.7
3550.1
3550.2
3551.4
3551.6
3551.6
3552.6
3556.1
3559.3
3559.5
3563.0
3563.9
3564.6
3565.2
3565.5
3566.8
3567.6
3569.4
3570.1
3570.3
3570.5
3571.6
3572.2
3572.4
3573.8
3575.1
3575.5
3575.5
3576.3
3576.7
3577.9
3580.6
3581.2
3581.3
3581.9
3584.1
3585.0
3585.0
3585.1
3585.1
3586.4
3587.3
3587.6
3588.6
3589.0
3589.0
3590.2
3590.3
3591.6
3593.3
3596.9
3597.0
3600.3
3600.5
3600.7
3600.8
3601.1
3601.2
3601.8
3603.9
3605.7
3606.9
3606.9
3607.0
3607.3
3607.5
3607.9
3608.6
3609.5
3610.4
3611.4
3612.9
3613.6
3614.4
3615.7
3616.2
3616.3
3619.0
3620.1
3620.4
3620.5
3621.0
3623.6
3627.4
3628.7
3629.1
3629.5
3630.8
3632.0
3632.0
3635.5
3637.1
3639.6
3640.5
3640.6
3641.7
3642.0
3643.7
3645.0
3645.2
3645.7
3647.0
3649.2
3650.4
3650.5
3655.2
3655.3
3655.7
3656.0
3656.6
3658.3
3658.6
3659.1
3660.9
3661.9
3662.7
3663.1
3664.9
3665.1
3668.1
3669.0
3670.7
3672.7
3673.1
3674.0
3675.1
3678.2
3678.6
3678.9
3679.1
3679.5
3681.4
3683.2
3686.4
3691.3
3692.0
3693.5
3694.5
3694.8
3695.0
3695.5
3696.3
3696.4
3698.1
3698.4
3700.2
3702.1
3702.8
3702.8
3702.9
3703.4
3704.1
3705.2
3705.5
3706.1
3706.4
3708.8
3709.5
3711.4
3714.5
3715.0
3716.2
3717.3
3718.6
3722.7
3723.1
3723.7
3723.8
3724.0
3724.6
3725.0
3725.7
3726.9
3728.2
3728.9
3729.5
3731.2
3731.8
3732.2
3732.2
3732.6
3736.9
3737.0
3738.4
3739.7
3740.0
3741.1
3741.8
3743.4
3743.8
3745.9
3749.5
3751.4
3752.9
3753.4
3753.8
3755.7
3756.0
3756.8
3757.2
3758.6
3760.0
3761.1
3761.3
3761.4
3762.2
3763.0
3763.7
3764.8
3765.1
3765.6
3765.7
3767.0
3767.4
3769.1
3771.3
3773.0
3773.1
3773.9
3780.4
3781.7
3783.1
3784.7
3785.2
3785.6
3785.7
3786.3
3787.8
3787.9
3788.2
3788.9
3789.9
3790.1
3792.0
3792.2
3794.3
3795.1
3795.4
3797.1
3798.4
3799.7
3799.7
3799.9
3800.7
3800.9
3803.6
3804.1
3804.1
3804.7
3804.8
3804.8
3804.8
3805.5
3808.2
3809.0
3810.5
3812.0
3814.3
3814.3
3814.9
3816.9
3818.1
3818.6
3820.7
3821.4
3822.2
3824.0
3824.4
3828.2
3829.5
3829.6
3830.4
3832.9
3833.6
3833.7
3834.5
3835.4
3836.7
3836.8
3836.8
3837.4
3837.4
3837.4
3837.8
3840.5
3842.5
3843.0
3844.8
3844.8
3845.1
3847.4
3847.5
3847.5
3847.6
3847.8
3847.9
3850.4
3851.6
3851.6
3851.9
3852.2
3853.1
3856.5
3856.6
3858.0
3858.3
3859.6
3860.9
3861.0
3861.7
3863.9
3864.3
3864.9
3867.0
3867.4
3868.7
3869.1
3869.4
3869.5
3871.9
3872.0
3873.6
3873.9
3874.0
3874.4
3874.6
3875.6
3875.8
3875.9
3876.5
3877.8
3880.1
3880.8
3881.9
3883.0
3885.6
3887.7
3887.8
3888.6
3890.8
3891.2
3891.4
3893.1
3893.7
3895.3
3897.1
3897.7
3898.8
3898.9
3899.0
3901.0
3901.5
3901.7
3902.9
3903.5
3904.9
3905.3
3906.5
3908.0
3909.6
3910.9
3916.4
3917.2
3918.0
3919.6
3921.6
3922.0
3924.8
3925.0
3925.1
3926.7
3927.1
3927.6
3927.6
3927.7
3927.7
3928.2
3928.6
3928.6
3929.4
3929.8
3929.8
3929.9
3930.8
3930.8
3930.8
3931.9
3935.2
3937.3
3937.3
3939.2
3943.7
3944.4
3944.6
3944.6
3945.1
3947.8
3948.4
3950.2
3951.1
3953.0
3955.3
3955.3
3955.6
3957.2
3957.7
3958.1
3958.3
3959.4
3962.4
3963.2
3963.4
3963.5
3967.6
3967.7
3968.5
3969.7
3970.1
3972.8
3974.4
3974.4
3976.8
3979.1
3979.9
3980.7
3980.9
3981.8
3982.1
3983.3
3984.0
3986.9
3988.4
3988.4
3988.5
3988.7
3988.8
3989.5
3989.9
3990.7
3991.4
3992.1
3994.0
3994.0
3994.1
3994.4
3994.6
3995.9
3996.2
3996.3
3997.9
3998.4
3999.0
4000.2
4000.8
4002.5
4002.6
4003.0
4003.4
4004.4
4006.5
4006.5
4006.7
4007.4
4007.9
4010.2
4011.4
4013.4
4016.6
4018.7
4019.0
4019.6
4021.7
4021.8
4023.8
4025.2
4026.6
4026.6
4029.9
4030.7
4031.3
4031.5
4033.7
4033.7
4035.0
4036.2
4038.0
4040.1
4043.8
4044.1
4044.7
4044.7
4045.1
4046.9
4047.0
4047.0
4048.4
4050.5
4050.8
4053.1
4054.6
4054.9
4055.1
4056.4
4057.4
4058.4
4058.9
4059.1
4059.3
4059.9
4061.3
4061.4
4061.9
4061.9
4062.9
4063.3
4063.9
4063.9
4065.6
4066.0
4068.7
4069.1
4069.6
4073.0
4073.5
4074.6
4075.5
4076.4
4077.9
4078.8
4078.9
4079.6
4080.0
4081.3
4081.9
4082.8
4084.6
4084.9
4088.6
4089.1
4089.7
4089.8
4093.7
4094.7
4095.8
4096.1
4096.6
4096.6
4098.1
4099.4
4099.9
4100.5
4102.4
4103.7
4104.0
4106.1
4106.2
4106.3
4106.7
4107.3
4110.1
4111.7
4111.7
4112.6
4113.6
4117.2
4117.6
4118.7
4120.1
4121.1
4121.9
4122.1
4125.6
4126.2
4126.5
4126.7
4129.8
4130.4
4131.3
4132.3
4132.9
4132.9
4134.8
4135.9
4136.1
4138.3
4138.6
4138.8
4139.8
4140.6
4141.1
4141.1
4141.2
4142.0
4142.6
4144.1
4144.9
4146.4
4147.4
4147.4
4150.0
4150.4
4153.8
4153.8
4154.5
4156.1
4157.1
4158.9
4159.9
4160.0
4162.8
4165.1
4165.2
4169.4
4171.0
4172.4
4173.9
4174.8
4175.5
4179.1
4179.1
4179.7
4179.8
4180.9
4182.4
4183.0
4183.1
4185.4
4185.8
4186.4
4186.6
4186.8
4187.3
4188.3
4189.8
4190.3
4190.7
4191.1
4191.5
4192.4
4193.0
4199.1
4201.0
4201.6
4202.3
4205.5
4209.2
4210.5
4210.5
4211.1
4212.6
4212.8
4213.2
4214.6
4217.2
4217.6
4218.7
4219.1
4222.9
4223.6
4224.3
4227.1
4228.8
4229.6
4231.2
4232.0
4233.0
4233.5
4233.8
4235.3
4236.0
4236.6
4237.6
4240.1
4241.7
4242.2
4244.4
4245.2
4249.9
4250.6
4250.6
4250.7
4251.0
4251.5
4253.1
4253.4
4253.7
4254.7
4256.0
4258.0
4259.0
4260.8
4261.8
4262.3
4264.1
4264.8
4266.2
4267.6
4268.6
4268.6
4270.7
4271.5
4272.2
4272.9
4273.6
4273.8
4275.1
4276.3
4276.7
4277.6
4278.7
4279.7
4281.0
4284.0
4284.2
4285.5
4286.1
4287.1
4288.2
4289.2
4291.7
4291.8
4292.4
4293.9
4294.4
4294.5
4294.7
4295.1
4296.0
4296.3
4296.7
4297.3
4297.4
4298.2
4298.7
4298.9
4299.2
4299.3
4301.9
4302.0
4302.5
4303.2
4305.3
4307.1
4308.9
4310.1
4311.2
4313.0
4313.4
4315.6
4315.7
4317.2
4318.2
4321.8
4322.6
4323.0
4323.4
4324.0
4326.5
4327.7
4328.0
4329.0
4329.3
4330.1
4330.3
4330.4
4331.8
4332.9
4333.4
4334.4
4336.3
4338.2
4338.5
4338.6
4338.6
4339.9
4341.2
4342.4
4342.7
4342.8
4342.8
4343.0
4343.0
4343.2
4343.8
4345.4
4347.1
4347.3
4347.5
4349.5
4351.8
4351.9
4352.7
4354.6
4357.1
4357.3
4359.5
4359.7
4359.9
4362.0
4364.7
4365.5
4366.0
4366.0
4366.7
4369.0
4369.8
4370.6
4371.1
4373.4
4376.5
4378.4
4379.7
4379.7
4379.7
4379.9
4381.2
4381.8
4384.6
4386.0
4386.9
4390.2
4390.9
4392.5
4393.9
4395.2
4398.5
4398.6
4399.3
4399.5
4399.9
4401.9
4402.9
4403.1
4404.7
4405.8
4406.5
4407.7
4408.1
4408.4
4409.2
4411.0
4412.5
4415.2
4416.2
4416.3
4418.1
4419.6
4419.8
4420.2
4421.7
4422.4
4424.1
4425.1
4426.1
4426.5
4430.3
4430.3
4430.4
4430.9
4432.1
4433.4
4434.8
4434.9
4435.3
4435.5
4439.4
4441.1
4441.4
4442.6
4444.9
4445.7
4446.4
4446.7
4447.5
4449.0
4449.9
4450.4
4451.0
4451.6
4452.2
4452.6
4452.9
4454.8
4457.6
4463.3
4463.3
4463.9
4465.0
4465.5
4468.7
4468.8
4468.9
4470.1
4470.7
4475.0
4475.1
4475.2
4475.6
4475.9
4477.8
4481.1
4483.0
4484.2
4484.3
4484.8
4485.1
4486.5
4486.7
4487.0
4487.1
4489.3
4490.1
4492.6
4493.4
4493.9
4496.4
4496.9
4497.3
4497.8
4497.9
4497.9
4498.7
4500.3
4502.6
4503.8
4504.7
4506.0
4506.0
4507.6
4508.7
4510.5
4510.8
4511.5
4513.9
4513.9
4514.8
4515.3
4515.8
4516.9
4518.6
4520.5
4523.6
4525.3
4525.4
4525.7
4526.6
4527.4
4527.9
4528.6
4529.2
4529.3
4529.4
4529.6
4531.5
4531.9
4532.4
4533.1
4533.8
4534.1
4534.8
4535.2
4535.4
4535.9
4536.0
4536.6
4537.3
4538.0
4538.1
4541.1
4541.7
4541.9
4542.5
4542.7
4543.7
4544.6
4545.3
4547.2
4548.6
4551.7
4553.2
4557.1
4558.4
4560.6
4561.4
4563.7
4565.1
4565.8
4566.9
4567.1
4568.3
4568.3
4568.4
4569.1
4574.5
4574.7
4575.0
4575.6
4576.4
4576.7
4577.4
4578.4
4579.3
4579.6
4579.7
4582.9
4585.9
4586.0
4587.5
4592.8
4595.1
4595.1
4595.7
4599.2
4599.4
4600.8
4600.8
4602.1
4605.3
4606.0
4606.7
4607.5
4607.7
4610.1
4610.3
4610.5
4610.8
4611.0
4611.5
4611.8
4613.8
4614.3
4614.9
4617.2
4617.9
4618.0
4618.5
4618.8
4619.3
4619.9
4622.7
4622.7
4624.2
4625.5
4628.1
4628.3
4629.4
4630.1
4633.0
4633.4
4633.4
4634.9
4635.4
4636.1
4636.1
4637.4
4637.9
4638.0
4639.8
4641.5
4643.0
4646.2
4646.7
4647.4
4650.7
4651.5
4652.4
4652.7
4656.0
4660.8
4660.8
4661.0
4662.1
4663.0
4664.9
4668.0
4669.5
4669.5
4670.9
4671.3
4672.6
4672.7
4673.8
4675.5
4676.9
4677.7
4677.9
4678.3
4678.3
4680.0
4680.3
4685.4
4687.6
4687.6
4687.7
4688.0
4688.2
4690.7
4692.3
4693.3
4693.4
4696.0
4698.4
4701.3
4703.6
4703.6
4704.4
4704.5
4704.6
4705.3
4705.6
4706.4
4707.1
4707.9
4708.4
4712.5
4712.8
4714.6
4714.7
4717.6
4718.2
4718.6
4721.1
4723.6
4725.5
4726.6
4726.7
4727.0
4727.1
4727.4
4731.4
4731.4
4733.2
4733.7
4734.7
4734.7
4735.2
4735.5
4736.0
4736.4
4743.1
4744.4
4744.9
4746.8
4749.8
4750.4
4751.7
4757.2
4759.5
4761.3
4762.0
4762.5
4763.8
4766.2
4766.2
4766.3
4766.4
4767.2
4770.3
4770.3
4770.4
4771.2
4771.5
4772.0
4772.0
4772.0
4773.0
4774.4
4775.1
4776.1
4776.4
4779.3
4780.5
4781.3
4781.8
4784.6
4784.8
4786.9
4787.2
4788.3
4788.5
4790.7
4793.6
4793.6
4795.2
4796.0
4796.4
4796.6
4799.5
4799.5
4800.6
4801.0
4802.4
4804.9
4806.5
4807.6
4807.9
4808.6
4810.6
4810.8
4811.4
4813.3
4814.7
4815.6
4815.9
4816.6
4817.4
4817.8
4817.9
4819.9
4820.5
4820.7
4821.3
4822.3
4823.5
4824.4
4825.1
4826.2
4826.5
4826.5
4826.7
4826.8
4826.9
4827.9
4828.2
4829.0
4829.4
4829.9
4830.0
4830.9
4831.0
4831.2
4833.1
4833.5
4834.1
4836.2
4836.8
4839.4
4840.2
4841.0
4841.9
4845.0
4847.3
4847.4
4847.6
4848.2
4848.7
4850.5
4851.9
4852.4
4852.9
4853.6
4855.9
4856.9
4858.8
4859.2
4860.3
4862.1
4864.8
4864.9
4866.1
4866.3
4867.2
4867.6
4868.4
4869.9
4872.4
4873.1
4873.3
4873.4
4876.1
4877.7
4879.4
4879.6
4880.2
4880.6
4880.9
4881.1
4881.2
4885.3
4886.0
4886.5
4886.9
4886.9
4887.5
4888.9
4891.4
4893.7
4894.1
4895.4
4896.8
4898.0
4899.7
4901.1
4901.5
4901.9
4902.3
4908.4
4909.2
4909.2
4909.2
4911.1
4912.3
4912.7
4913.0
4913.0
4914.6
4915.1
4916.1
4918.6
4920.0
4921.9
4923.2
4923.7
4924.0
4926.8
4932.6
4932.6
4933.8
4934.4
4934.4
4935.0
4941.3
4941.8
4942.8
4942.8
4949.7
4950.3
4950.5
4950.8
4951.1
4953.0
4953.3
4953.3
4954.0
4955.5
4961.2
4962.2
4962.5
4963.8
4964.7
4965.1
4965.6
4968.0
4968.3
4969.8
4970.7
4971.6
4971.6
4974.5
4975.6
4977.4
4979.2
4979.7
4981.0
4981.2
4983.1
4984.2
4985.2
4985.8
4986.5
4994.3
4994.5
4997.6
4999.5
5001.0
5001.9
5002.2
5005.2
5005.3
5006.6
5006.8
5006.8
5008.0
5008.0
5008.3
5010.9
5012.2
5014.9
5015.6
5016.0
5017.3
5017.7
5021.2
5021.2
5021.7
5022.7
5022.8
5029.1
5030.3
5031.7
5031.8
5032.6
5034.3
5035.3
5035.5
5037.0
5037.0
5037.3
5038.4
5038.8
5047.3
5049.5
5051.2
5053.1
5053.8
5054.6
5054.6
5058.6
5060.2
5061.1
5061.4
5062.6
5063.8
5064.6
5065.2
5069.8
5072.5
5072.7
5074.6
5077.5
5078.6
5078.6
5079.1
5079.2
5080.1
5083.3
5086.1
5086.6
5087.4
5087.9
5088.1
5088.6
5089.8
5091.9
5092.1
5092.1
5094.0
5094.8
5095.2
5095.3
5099.5
5102.1
5102.2
5103.2
5103.5
5106.8
5107.7
5107.7
5108.7
5109.1
5109.4
5111.9
5112.3
5112.4
5113.1
5113.6
5117.8
5118.0
5120.4
5122.0
5122.3
5122.4
5123.1
5124.3
5124.4
5125.5
5126.0
5128.4
5129.5
5129.7
5130.9
5133.1
5133.1
5136.3
5137.3
5143.2
5144.1
5150.6
5153.6
5154.1
5154.3
5156.2
5158.1
5158.4
5162.6
5162.9
5163.3
5166.1
5169.0
5169.2
5169.6
5172.1
5174.9
5175.5
5176.6
5176.9
5177.1
5178.8
5180.4
5181.6
5182.1
5182.2
5182.2
5183.2
5183.9
5185.2
5187.4
5188.0
5188.7
5192.2
5193.0
5193.1
5193.3
5195.3
5196.0
5198.3
5202.4
5203.5
5203.6
5203.8
5204.1
5207.7
5211.7
5212.9
5214.1
5215.9
5215.9
5216.3
5217.9
5221.4
5221.7
5224.9
5226.5
5226.8
5228.6
5229.1
5232.6
5233.5
5236.5
5237.7
5238.1
5239.6
5240.4
5241.1
5242.6
5243.2
5244.4
5249.4
5250.3
5252.0
5252.8
5254.5
5255.0
5255.0
5256.3
5262.3
5262.7
5264.6
5265.2
5266.1
5268.9
5269.7
5270.9
5273.6
5274.1
5276.0
5276.5
5276.8
5276.8
5276.8
5279.9
5279.9
5281.1
5281.8
5283.5
5284.0
5284.1
5285.1
5285.1
5285.8
5289.9
5291.8
5293.8
5296.4
5296.7
5298.4
5298.6
5301.3
5302.7
5303.0
5304.9
5306.3
5311.0
5311.8
5313.8
5314.2
5315.2
5318.1
5318.3
5319.4
5320.7
5324.2
5325.7
5326.9
5328.9
5333.9
5334.5
5335.6
5337.0
5337.0
5337.5
5338.2
5340.2
5343.2
5344.3
5345.5
5347.2
5347.3
5347.3
5348.0
5348.8
5349.0
5350.7
5353.6
5354.4
5355.2
5358.0
5358.2
5359.8
5360.5
5360.7
5361.1
5361.5
5363.7
5366.9
5369.0
5370.0
5371.8
5372.5
5373.6
5375.4
5375.7
5377.3
5378.3
5380.9
5381.5
5387.1
5387.7
5388.6
5391.3
5395.3
5401.1
5401.3
5402.9
5403.0
5403.5
5404.6
5411.3
5411.4
5411.4
5412.0
5412.1
5413.8
5415.2
5416.3
5417.6
5418.2
5421.6
5422.0
5424.7
5425.0
5425.2
5425.4
5426.1
5426.3
5428.6
5430.9
5434.7
5435.4
5437.5
5438.9
5441.1
5441.4
5442.4
5443.5
5447.4
5447.9
5450.2
5451.1
5451.3
5454.2
5456.7
5459.7
5459.7
5462.8
5465.2
5466.5
5467.2
5468.0
5468.1
5468.1
5470.3
5471.0
5474.1
5474.3
5476.6
5478.6
5478.9
5480.7
5482.6
5483.0
5483.1
5483.3
5486.5
5486.6
5488.1
5488.8
5491.8
5491.8
5492.2
5493.2
5496.2
5497.2
5501.6
5501.6
5502.4
5506.3
5506.7
5507.8
5508.7
5509.1
5512.0
5512.5
5515.8
5517.4
5517.7
5517.9
5519.6
5522.0
5524.8
5528.5
5529.9
5530.1
5530.2
5532.8
5534.0
5534.5
5539.0
5539.8
5540.1
5540.6
5540.8
5541.6
5544.0
5545.5
5549.6
5551.3
5551.3
5551.7
5552.2
5553.1
5554.3
5555.3
5555.8
5559.0
5559.2
5560.0
5560.6
5561.9
5563.2
5563.4
5563.5
5564.2
5564.8
5565.3
5565.9
5568.0
5568.6
5569.5
5569.5
5569.8
5571.5
5573.0
5573.8
5573.8
5574.6
5575.4
5576.2
5577.0
5578.6
5580.5
5583.0
5590.2
5593.1
5593.4
5594.7
5594.9
5595.5
5595.9
5598.0
5598.3
5599.9
5601.6
5602.6
5603.5
5603.8
5604.1
5604.6
5607.1
5607.6
5608.0
5608.4
5612.7
5614.8
5616.6
5619.6
5619.7
5622.6
5629.2
5631.4
5632.2
5633.4
5633.7
5634.1
5635.3
5639.9
5642.0
5643.5
5643.7
5644.0
5646.9
5648.5
5649.1
5653.3
5653.3
5653.4
5653.4
5655.0
5656.2
5658.0
5661.1
5662.9
5663.9
5665.1
5667.0
5668.0
5669.3
5672.1
5673.3
5674.4
5674.4
5675.8
5676.5
5677.7
5678.5
5680.9
5683.2
5683.4
5686.6
5687.1
5690.2
5692.9
5693.2
5694.2
5698.8
5699.8
5700.5
5700.7
5701.5
5702.2
5706.7
5707.2
5707.4
5707.8
5708.0
5708.2
5709.1
5710.4
5710.7
5711.5
5712.8
5713.2
5715.7
5715.7
5716.3
5719.2
5719.5
5719.5
5720.5
5721.5
5721.9
5723.8
5724.1
5725.8
5726.5
5727.4
5727.7
5732.0
5732.7
5734.2
5734.9
5735.6
5736.7
5737.6
5738.1
5739.6
5739.7
5742.0
5744.6
5745.0
5747.6
5748.1
5749.4
5749.7
5749.9
5754.7
5756.3
5758.0
5759.8
5762.8
5762.9
5763.3
5767.3
5767.8
5769.1
5769.5
5769.7
5770.4
5771.1
5772.8
5776.7
5777.6
5779.3
5779.7
5781.7
5782.2
5784.3
5784.6
5787.2
5789.0
5789.0
5789.2
5790.2
5790.8
5790.9
5791.8
5793.4
5794.3
5794.6
5798.2
5798.8
5801.0
5803.1
5804.0
5804.1
5806.4
5807.0
5809.7
5809.7
5812.1
5814.5
5815.1
5817.2
5818.9
5820.0
5822.1
5823.8
5824.9
5825.5
5825.7
5826.2
5826.6
5826.8
5828.1
5835.2
5836.1
5838.3
5838.8
5840.1
5841.8
5842.0
5843.4
5844.2
5848.3
5850.8
5851.0
5852.1
5852.3
5852.4
5852.4
5853.0
5856.0
5859.4
5860.2
5863.9
5867.0
5868.8
5869.0
5870.1
5870.6
5872.5
5873.3
5875.8
5876.9
5878.3
5879.5
5879.9
5880.4
5888.8
5890.0
5890.6
5892.3
5892.5
5895.9
5908.1
5908.9
5912.5
5913.9
5917.4
5918.0
5918.3
5919.4
5920.6
5920.8
5921.5
5923.1
5925.3
5927.6
5928.0
5928.0
5928.6
5935.2
5935.6
5936.6
5939.2
5939.6
5940.7
5941.7
5944.3
5945.2
5945.5
5946.0
5949.1
5954.3
5958.2
5958.9
5960.4
5961.2
5962.9
5963.9
5963.9
5965.0
5966.7
5970.9
5973.2
5973.3
5977.2
5978.6
5986.0
5988.2
5993.9
5994.5
5997.9
5999.0
6000.2
6002.0
6003.5
6005.8
6006.1
6007.1
6012.0
6015.6
6018.5
6019.5
6019.7
6022.5
6024.0
6027.9
6029.2
6029.4
6030.3
6030.4
6034.9
6036.4
6040.8
6042.5
6043.3
6044.4
6050.3
6050.3
6050.9
6055.5
6055.6
6056.2
6056.4
6057.0
6057.7
6064.6
6065.9
6068.1
6069.5
6070.5
6073.4
6073.7
6078.2
6080.1
6080.7
6080.7
6086.1
6088.4
6089.5
6093.2
6095.5
6096.6
6100.6
6101.3
6101.4
6101.8
6103.8
6105.0
6105.8
6106.2
6107.2
6108.2
6108.2
6109.6
6109.9
6110.5
6111.0
6112.2
6115.7
6116.6
6117.9
6118.6
6118.9
6119.3
6120.7
6121.9
6123.6
6129.9
6130.0
6132.3
6132.5
6135.0
6135.0
6135.1
6136.1
6137.4
6138.1
6140.7
6143.2
6144.6
6147.0
6148.4
6149.6
6154.7
6154.8
6156.1
6156.2
6157.5
6158.8
6159.9
6164.0
6165.5
6166.4
6166.6
6166.8
6170.0
6171.7
6179.4
6181.6
6183.1
6183.8
6185.5
6185.5
6187.0
6187.5
6188.2
6190.9
6191.0
6191.6
6191.7
6193.7
6194.5
6196.0
6199.1
6199.3
6202.9
6205.1
6205.9
6206.1
6207.0
6212.5
6214.7
6216.3
6216.4
6217.0
6219.9
6220.7
6221.0
6221.8
6223.0
6227.3
6230.4
6235.3
6237.2
6237.3
6237.6
6248.8
6254.0
6256.0
6257.4
6257.6
6257.6
6260.0
6260.5
6263.9
6266.0
6266.4
6269.1
6272.5
6273.3
6275.4
6280.5
6285.3
6285.3
6285.7
6292.1
6295.8
6298.9
6301.1
6303.7
6303.9
6304.8
6305.7
6306.5
6307.4
6313.4
6315.8
6316.1
6317.0
6319.1
6319.3
6320.0
6322.5
6322.7
6322.9
6325.1
6328.7
6330.6
6332.4
6334.4
6335.1
6338.9
6342.4
6342.8
6343.3
6344.1
6344.7
6348.9
6350.2
6352.7
6356.2
6358.1
6359.8
6360.4
6361.0
6361.9
6362.7
6363.4
6367.7
6368.8
6370.6
6370.8
6372.2
6372.6
6372.8
6380.4
6382.7
6386.9
6388.1
6389.0
6390.2
6394.6
6398.3
6399.8
6400.3
6401.1
6402.8
6403.8
6406.6
6407.9
6412.3
6414.9
6418.7
6420.5
6421.4
6422.2
6423.9
6427.2
6427.5
6428.8
6428.9
6432.2
6432.6
6433.0
6433.8
6434.7
6438.2
6438.7
6438.7
6439.4
6440.1
6442.0
6442.6
6444.4
6444.9
6445.5
6445.7
6446.4
6446.7
6446.9
6449.5
6450.0
6450.4
6450.6
6450.7
6451.9
6461.8
6462.7
6463.4
6463.9
6465.1
6471.5
6472.1
6475.1
6476.8
6479.2
6481.9
6484.4
6487.5
6487.6
6488.0
6488.3
6489.0
6490.7
6491.6
6499.5
6509.3
6512.7
6513.2
6517.5
6518.8
6519.1
6522.0
6523.8
6524.4
6525.8
6526.4
6528.5
6531.4
6533.0
6536.7
6540.8
6540.9
6545.3
6546.6
6548.3
6551.2
6555.0
6555.2
6555.2
6558.7
6559.0
6560.2
6560.7
6561.2
6565.3
6565.4
6565.8
6566.7
6568.2
6574.9
6575.1
6581.8
6582.0
6582.0
6587.9
6590.2
6590.7
6594.5
6595.6
6599.4
6600.9
6605.9
6607.1
6607.1
6607.6
6612.9
6613.5
6614.4
6614.5
6615.4
6615.7
6616.7
6618.2
6620.1
6622.3
6622.9
6623.4
6624.1
6625.2
6628.7
6631.0
6635.6
6637.5
6642.8
6644.6
6647.8
6648.7
6650.8
6656.8
6658.5
6658.7
6661.3
6663.0
6669.8
6671.2
6673.3
6673.4
6675.1
6675.5
6675.6
6675.7
6676.1
6676.9
6677.7
6681.4
6685.0
6685.8
6688.1
6689.2
6689.6
6690.5
6690.8
6695.0
6695.3
6695.3
6695.9
6696.5
6699.4
6703.9
6709.2
6709.8
6710.4
6710.4
6710.5
6710.6
6712.5
6718.1
6719.6
6721.6
6726.0
6727.8
6728.4
6730.9
6734.6
6737.6
6738.5
6738.5
6741.6
6742.6
6744.1
6744.9
6745.9
6751.9
6754.0
6755.7
6758.1
6759.8
6760.4
6763.5
6763.8
6765.0
6765.0
6765.3
6767.2
6768.4
6769.6
6771.0
6772.1
6773.4
6775.7
6776.0
6780.1
6786.0
6787.5
6788.1
6789.0
6792.5
6792.6
6792.7
6793.2
6793.8
6794.6
6794.7
6797.1
6797.1
6799.1
6800.4
6801.0
6802.1
6802.1
6808.2
6808.8
6811.2
6811.6
6813.9
6816.4
6818.1
6818.1
6820.4
6820.5
6820.8
6822.7
6823.4
6823.9
6824.1
6826.9
6827.1
6832.6
6833.3
6834.1
6840.8
6847.3
6848.9
6849.4
6853.0
6856.9
6860.0
6860.1
6860.1
6864.8
6865.4
6868.8
6869.7
6874.3
6875.5
6879.8
6880.8
6884.1
6885.1
6891.8
6894.5
6896.9
6897.4
6897.8
6898.3
6899.5
6900.0
6905.8
6908.4
6909.8
6911.5
6913.6
6914.3
6915.0
6917.5
6918.4
6921.8
6922.2
6923.0
6925.4
6932.4
6933.9
6934.9
6940.4
6944.2
6950.2
6952.8
6955.5
6955.6
6956.8
6957.5
6960.2
6964.3
6964.5
6968.1
6968.4
6968.5
6970.1
6973.6
6974.3
6978.7
6982.1
6982.5
6983.2
6984.2
6984.3
6986.6
6989.2
6990.9
6993.6
6993.6
6993.6
6994.3
6995.5
6995.7
6996.7
7002.8
7007.4
7022.2
7027.2
7027.7
7029.3
7030.2
7038.0
7040.2
7041.9
7046.1
7046.9
7048.7
7050.2
7050.9
7051.8
7055.8
7058.5
7067.3
7070.1
7071.3
7074.3
7075.0
7075.8
7077.0
7079.3
7079.5
7080.3
7080.7
7082.9
7085.1
7085.3
7085.7
7088.1
7088.9
7091.2
7092.0
7094.3
7097.9
7101.0
7103.0
7107.2
7108.6
7110.2
7114.5
7114.7
7115.1
7117.5
7117.8
7120.2
7121.1
7124.2
7126.5
7126.5
7126.7
7128.2
7129.8
7133.8
7135.5
7138.1
7140.7
7142.0
7144.1
7148.9
7151.7
7154.3
7157.4
7157.8
7159.7
7160.6
7162.5
7164.3
7165.3
7165.5
7167.3
7167.4
7169.1
7169.7
7169.8
7169.8
7170.7
7173.0
7181.2
7181.8
7184.2
7188.4
7189.3
7191.2
7193.0
7193.7
7196.4
7197.1
7201.4
7202.7
7203.0
7203.0
7203.0
7205.1
7206.2
7206.8
7212.0
7212.8
7214.5
7217.5
7218.4
7218.6
7221.4
7221.4
7222.5
7223.7
7223.8
7224.4
7225.4
7227.4
7229.6
7231.8
7243.1
7244.4
7247.1
7251.3
7253.6
7261.5
7265.1
7266.3
7268.0
7269.0
7269.8
7273.8
7277.2
7277.5
7281.3
7281.8
7283.3
7283.9
7284.6
7286.2
7286.9
7292.8
7293.5
7294.8
7296.5
7299.7
7301.3
7302.1
7302.6
7304.7
7305.3
7308.5
7309.5
7316.9
7321.4
7323.4
7324.5
7324.8
7327.5
7329.3
7331.8
7332.3
7332.4
7336.4
7348.1
7351.5
7353.0
7353.1
7354.9
7356.3
7357.2
7358.3
7361.5
7362.8
7363.1
7363.2
7363.9
7364.8
7364.8
7366.8
7369.3
7371.5
7373.2
7381.1
7384.3
7390.2
7392.6
7394.5
7396.4
7397.9
7403.9
7404.8
7408.3
7409.5
7411.0
7412.9
7414.4
7415.5
7415.6
7416.4
7418.7
7420.9
7421.1
7422.6
7424.0
7427.7
7428.1
7428.2
7428.5
7430.3
7433.4
7435.3
7435.3
7435.5
7435.9
7437.4
7440.3
7447.0
7452.7
7453.3
7458.9
7463.1
7466.7
7468.8
7472.1
7472.2
7472.4
7473.0
7473.8
7475.1
7477.9
7479.2
7480.1
7482.0
7483.1
7483.8
7485.3
7485.9
7487.1
7487.5
7488.4
7489.5
7489.7
7495.9
7497.5
7499.5
7500.7
7503.1
7506.1
7506.9
7508.3
7509.4
7510.1
7512.7
7517.3
7517.6
7521.5
7522.4
7523.0
7523.9
7528.7
7530.1
7531.0
7531.1
7532.5
7540.1
7544.2
7550.4
7552.6
7553.0
7553.7
7555.7
7557.4
7559.9
7560.9
7567.2
7571.1
7574.9
7575.9
7576.1
7577.7
7579.4
7580.5
7582.9
7583.8
7585.3
7589.5
7598.2
7604.7
7607.1
7607.2
7610.2
7614.2
7615.5
7615.7
7615.8
7616.2
7625.3
7626.5
7626.8
7631.4
7633.0
7633.6
7636.7
7640.6
7643.5
7644.7
7644.8
7646.4
7646.6
7647.7
7649.1
7654.6
7654.6
7655.1
7656.8
7657.1
7659.7
7660.2
7661.5
7662.0
7664.0
7672.1
7674.7
7674.8
7677.5
7677.9
7678.1
7678.1
7678.9
7680.8
7682.7
7683.5
7690.8
7695.8
7697.5
7702.2
7702.5
7707.8
7708.1
7714.8
7723.5
7723.8
7723.9
7725.4
7725.5
7726.2
7726.2
7729.7
7730.1
7731.8
7734.1
7735.7
7741.8
7741.9
7742.5
7742.7
7745.7
7749.4
7749.7
7752.9
7752.9
7753.1
7757.0
7757.9
7758.3
7761.1
7762.0
7763.5
7767.7
7768.4
7770.7
7772.2
7773.9
7775.8
7775.8
7783.4
7788.1
7791.4
7799.2
7799.7
7801.1
7802.1
7802.8
7803.0
7803.4
7805.4
7809.3
7810.3
7810.3
7814.5
7818.3
7822.0
7824.7
7825.3
7827.0
7827.9
7828.5
7830.2
7835.6
7837.1
7837.2
7837.5
7841.0
7842.5
7842.6
7844.2
7850.4
7853.1
7855.0
7856.0
7856.7
7857.4
7858.5
7860.7
7864.0
7865.2
7866.6
7873.0
7873.3
7877.7
7878.0
7879.1
7881.0
7882.5
7887.9
7892.8
7895.7
7902.8
7905.7
7916.6
7918.6
7921.1
7921.7
7930.9
7931.2
7932.5
7933.7
7936.3
7937.8
7938.3
7940.3
7943.3
7945.8
7949.1
7950.8
7954.1
7954.5
7957.2
7960.3
7961.0
7966.8
7969.8
7969.8
7971.7
7972.3
7976.7
7980.5
7985.5
7988.0
7989.1
7989.7
7990.8
7991.9
7996.5
7998.4
8003.7
8004.1
8005.7
8007.7
8011.2
8013.3
8015.1
8024.0
8024.2
8024.2
8024.5
8025.4
8026.7
8028.3
8028.8
8029.5
8035.5
8042.4
8042.6
8042.8
8043.4
8046.4
8048.6
8052.3
8053.9
8054.4
8055.9
8059.7
8061.1
8062.8
8065.5
8067.6
8067.7
8070.1
8070.3
8073.0
8075.5
8088.2
8091.5
8092.6
8098.2
8100.6
8102.3
8103.0
8106.3
8108.5
8109.7
8112.8
8118.5
8120.4
8121.1
8122.2
8125.1
8128.4
8130.3
8133.8
8135.2
8136.5
8140.4
8146.0
8146.3
8149.1
8150.3
8150.9
8151.0
8156.7
8159.2
8160.8
8163.4
8164.8
8168.7
8168.8
8170.1
8173.9
8175.5
8178.1
8178.5
8182.8
8183.6
8186.2
8186.9
8189.4
8190.0
8191.3
8192.6
8197.6
8198.7
8199.3
8202.8
8208.0
8208.0
8208.2
8209.1
8209.7
8214.1
8214.5
8214.7
8219.6
8220.3
8220.7
8223.4
8225.9
8228.6
8228.8
8235.0
8237.3
8240.6
8241.1
8244.0
8246.5
8250.1
8254.6
8254.6
8255.5
8256.0
8257.4
8257.9
8258.1
8258.2
8259.3
8261.5
8263.1
8264.7
8268.0
8270.6
8276.6
8280.6
8283.4
8291.7
8292.6
8295.9
8298.1
8298.9
8304.3
8304.4
8305.2
8307.1
8309.5
8313.7
8314.2
8315.1
8315.9
8317.2
8319.3
8325.5
8327.2
8327.5
8328.7
8330.6
8333.8
8336.2
8340.2
8341.9
8347.9
8352.9
8358.7
8361.1
8362.2
8362.7
8363.8
8363.9
8364.5
8364.7
8364.7
8366.6
8368.8
8371.3
8372.6
8372.7
8379.4
8380.3
8380.7
8388.1
8391.6
8398.2
8399.3
8402.5
8402.9
8404.0
8404.9
8405.1
8406.6
8407.0
8409.6
8413.5
8415.8
8416.4
8417.4
8418.4
8420.1
8421.2
8423.6
8424.4
8433.4
8438.1
8440.9
8444.0
8445.0
8445.8
8446.4
8446.6
8448.7
8461.0
8462.3
8463.3
8464.8
8465.0
8470.6
8471.8
8474.1
8475.8
8477.0
8481.7
8483.8
8485.0
8485.9
8488.7
8488.7
8492.1
8493.5
8494.6
8495.1
8499.0
8499.0
8502.2
8503.0
8503.2
8508.6
8509.5
8515.6
8516.5
8520.3
8524.7
8528.3
8528.4
8528.6
8536.8
8540.5
8547.6
8547.9
8549.4
8549.6
8551.2
8551.8
8552.9
8555.0
8556.8
8557.6
8563.4
8563.4
8564.6
8569.8
8574.9
8580.0
8587.3
8593.7
8596.4
8597.9
8600.6
8600.7
8602.9
8607.1
8607.3
8610.0
8610.1
8611.8
8611.9
8614.6
8620.8
8622.1
8626.7
8639.5
8641.2
8642.5
8645.0
8647.1
8649.4
8649.7
8653.4
8655.1
8659.3
8659.3
8659.9
8661.5
8662.9
8665.5
8667.4
8674.7
8675.7
8685.1
8690.1
8694.1
8694.7
8701.9
8702.2
8710.1
8712.4
8716.0
8721.2
8721.2
8722.2
8724.4
8725.1
8727.8
8729.8
8732.4
8737.0
8739.5
8741.7
8742.4
8744.5
8745.4
8746.6
8746.7
8747.2
8747.4
8750.2
8755.9
8756.7
8756.9
8757.0
8757.4
8761.3
8762.1
8762.1
8763.6
8764.3
8764.3
8765.1
8766.9
8767.4
8771.5
8778.1
8778.8
8786.6
8787.6
8794.6
8797.1
8806.4
8807.5
8807.7
8809.9
8813.6
8815.0
8815.0
8825.8
8833.0
8833.1
8836.0
8836.1
8840.3
8843.0
8846.9
8852.6
8852.7
8855.9
8860.3
8872.3
8873.7
8882.4
8883.7
8890.1
8892.7
8893.2
8895.9
8896.5
8903.7
8903.7
8906.4
8906.9
8908.4
8914.2
8916.8
8920.2
8920.2
8923.6
8925.4
8926.3
8930.8
8935.2
8935.2
8936.1
8939.7
8943.0
8955.4
8963.9
8963.9
8964.1
8968.8
8970.1
8971.8
8975.6
8978.7
8979.1
8982.3
8986.1
8986.8
8988.2
8991.7
8993.1
9004.5
9005.2
9006.5
9008.2
9008.8
9012.2
9014.8
9015.3
9016.0
9018.2
9021.8
9024.3
9026.3
9028.7
9028.9
9036.2
9036.9
9041.0
9043.1
9045.2
9045.6
9046.0
9048.0
9050.4
9051.4
9052.1
9056.0
9057.5
9066.8
9068.4
9070.8
9070.9
9071.0
9071.9
9074.6
9084.3
9091.8
9096.5
9096.5
9097.8
9098.2
9099.7
9100.1
9101.6
9102.4
9103.6
9109.7
9113.3
9116.3
9117.6
9118.6
9129.5
9133.7
9139.2
9140.9
9142.8
9143.2
9144.4
9146.3
9147.0
9149.4
9149.7
9150.4
9163.2
9164.6
9170.0
9175.6
9176.0
9176.0
9178.5
9180.0
9185.1
9188.6
9193.1
9194.4
9199.3
9201.8
9203.5
9204.4
9206.5
9208.0
9216.1
9217.7
9220.8
9226.0
9234.8
9237.2
9237.5
9240.9
9241.0
9241.1
9242.3
9246.2
9247.5
9247.5
9249.5
9250.6
9263.9
9263.9
9265.2
9265.4
9269.3
9269.6
9270.6
9272.6
9272.8
9282.5
9297.0
9303.3
9305.5
9306.8
9308.7
9310.6
9313.2
9317.0
9319.7
9320.4
9328.6
9329.7
9331.0
9332.4
9339.1
9343.0
9344.7
9347.1
9355.3
9360.1
9360.2
9365.9
9368.2
9373.3
9374.8
9376.2
9379.8
9382.3
9382.3
9385.7
9387.8
9388.4
9399.0
9403.1
9404.2
9406.7
9407.8
9409.9
9410.1
9412.5
9415.4
9418.2
9424.7
9427.2
9429.1
9431.2
9431.9
9443.4
9452.7
9457.1
9457.1
9458.2
9458.5
9459.2
9461.0
9461.4
9462.2
9463.4
9469.1
9469.1
9469.7
9487.2
9491.8
9492.0
9493.9
9495.3
9495.5
9496.6
9499.9
9502.2
9502.4
9503.1
9504.2
9515.6
9516.2
9518.2
9520.4
9521.6
9524.8
9526.4
9527.4
9527.4
9530.1
9532.4
9532.8
9533.8
9540.6
9540.7
9549.5
9550.7
9550.8
9562.8
9566.1
9576.6
9577.7
9586.7
9588.7
9591.2
9597.3
9599.5
9603.7
9611.6
9614.4
9615.2
9620.6
9623.9
9624.5
9634.0
9635.6
9641.6
9643.2
9644.9
9648.4
9661.2
9664.9
9668.5
9669.2
9669.9
9673.9
9674.8
9676.6
9681.6
9687.2
9689.5
9689.6
9691.6
9693.4
9697.6
9697.7
9699.5
9700.2
9700.6
9700.8
9701.3
9701.8
9702.1
9706.3
9707.8
9708.3
9712.5
9712.5
9712.8
9713.9
9716.3
9736.4
9739.6
9739.6
9740.5
9745.2
9746.0
9747.2
9753.6
9757.4
9758.0
9767.1
9768.5
9768.9
9771.9
9774.5
9776.0
9779.8
9785.8
9789.3
9792.1
9798.3
9798.7
9800.9
9808.8
9810.8
9811.1
9813.0
9813.5
9814.3
9818.4
9824.9
9825.1
9825.3
9828.4
9829.2
9836.6
9837.3
9839.1
9841.4
9841.9
9842.2
9842.2
9847.6
9849.8
9857.3
9863.5
9870.0
9871.4
9872.8
9875.7
9875.8
9876.6
9877.5
9882.3
9882.4
9885.5
9886.3
9891.3
9891.4
9894.4
9897.1
9897.4
9899.8
9907.3
9910.2
9911.3
9913.1
9914.3
9914.6
9918.5
9921.6
9925.3
9942.9
9947.6
9951.2
9961.0
9964.6
9969.5
9971.5
9975.9
9978.8
9984.8
9988.8
9988.8
9989.8
9998.8
10000.7
10004.4
10009.5
10013.4
10021.0
10021.7
10023.0
10031.9
10044.0
10044.1
10045.6
10055.1
10056.4
10056.9
10058.5
10059.6
10066.7
10067.6
10068.5
10072.0
10075.7
10076.0
10076.5
10078.0
10083.8
10087.3
10088.4
10088.5
10090.2
10093.9
10094.0
10094.5
10098.0
10098.3
10100.7
10100.8
10110.8
10114.2
10115.0
10116.9
10117.1
10119.9
10120.2
10124.2
10125.0
10125.0
10125.3
10125.7
10128.0
10136.5
10154.2
10155.7
10157.0
10157.6
10162.8
10162.8
10164.7
10165.4
10167.6
10170.7
10173.6
10174.4
10175.0
10175.7
10180.9
10182.2
10182.6
10183.8
10187.6
10189.3
10194.0
10194.1
10196.5
10198.5
10201.6
10204.1
10210.7
10212.3
10218.7
10223.1
10233.7
10246.8
10247.0
10251.0
10255.3
10263.2
10265.9
10266.3
10266.9
10272.6
10273.3
10278.6
10283.8
10286.6
10293.1
10294.0
10306.0
10307.3
10308.4
10308.9
10311.7
10311.8
10313.7
10314.2
10320.0
10320.2
10330.3
10331.0
10334.3
10345.0
10346.8
10349.8
10350.5
10354.4
10361.4
10363.4
10364.6
10367.1
10367.6
10372.1
10388.6
10388.8
10390.3
10391.8
10392.0
10405.5
10406.7
10407.3
10411.6
10412.9
10413.6
10421.8
10425.1
10425.7
10426.0
10432.1
10439.8
10442.4
10442.9
10450.5
10451.6
10454.7
10455.9
10459.2
10460.6
10465.8
10468.9
10476.8
10481.2
10481.7
10486.4
10486.4
10490.1
10491.5
10492.6
10500.1
10500.5
10507.6
10511.0
10513.4
10516.9
10517.3
10522.2
10524.1
10524.4
10526.9
10538.9
10539.8
10543.1
10544.7
10545.7
10556.7
10557.5
10559.6
10560.0
10563.6
10564.7
10565.0
10573.6
10576.0
10577.6
10578.1
10578.1
10578.4
10579.8
10581.5
10581.7
10585.5
10592.1
10592.9
10596.4
10598.6
10602.9
10603.1
10606.7
10613.4
10614.1
10616.9
10618.2
10619.1
10619.1
10621.1
10621.6
10622.0
10625.1
10626.8
10631.6
10633.7
10638.2
10640.7
10646.0
10653.5
10655.6
10656.1
10658.7
10660.8
10661.0
10663.4
10665.3
10668.4
10680.2
10687.1
10688.5
10696.4
10696.8
10697.8
10698.0
10702.9
10709.0
10713.4
10713.9
10720.4
10725.4
10726.2
10726.6
10726.9
10727.9
10732.4
10733.4
10733.6
10733.9
10735.5
10736.3
10736.5
10744.0
10744.7
10749.5
10756.5
10757.6
10758.1
10759.3
10763.5
10763.7
10763.9
10763.9
10774.4
10787.4
10789.2
10790.6
10797.3
10809.7
10811.7
10816.0
10818.1
10824.3
10826.3
10828.9
10833.1
10834.9
10839.3
10841.1
10841.2
10843.0
10846.0
10848.2
10853.6
10854.0
10858.7
10859.3
10859.9
10861.3
10861.7
10869.3
10871.7
10872.6
10877.0
10889.0
10892.4
10892.5
10892.6
10895.7
10895.8
10899.4
10904.1
10907.6
10909.3
10910.6
10913.2
10919.6
10921.4
10922.6
10922.6
10922.9
10923.5
10938.6
10945.9
10957.5
10963.9
10967.7
10969.9
10972.2
10974.2
10980.1
10987.0
10988.3
10993.1
10994.2
11001.8
11004.0
11010.6
11015.1
11020.2
11020.5
11021.7
11029.2
11031.7
11034.7
11036.5
11039.2
11048.0
11049.0
11050.9
11052.4
11052.8
11063.1
11064.1
11065.2
11066.5
11081.3
11082.2
11083.6
11084.0
11084.1
11084.2
11087.9
11090.7
11091.4
11098.5
11100.0
11105.8
11113.5
11115.0
11115.5
11116.9
11121.4
11123.5
11124.6
11127.8
11129.0
11130.1
11133.6
11135.0
11136.5
11139.1
11140.9
11144.0
11146.6
11148.9
11156.6
11159.1
11165.2
11167.6
11168.9
11176.3
11179.8
11184.8
11189.1
11192.9
11196.3
11204.1
11207.6
11211.2
11217.3
11219.5
11224.1
11235.8
11238.4
11240.7
11242.5
11244.5
11252.6
11257.6
11259.5
11260.3
11264.2
11264.4
11265.5
11268.4
11268.6
11269.7
11276.0
11276.2
11278.1
11281.2
11282.9
11291.8
11297.5
11297.5
11301.1
11302.3
11303.6
11304.4
11314.7
11316.6
11317.7
11321.1
11321.4
11326.6
11330.8
11332.5
11336.5
11338.1
11343.1
11350.5
11357.8
11360.4
11365.0
11368.0
11368.0
11371.9
11376.5
11377.3
11380.5
11384.7
11389.1
11391.7
11393.9
11394.6
11400.9
11403.5
11408.1
11410.4
11411.1
11411.2
11412.1
11412.4
11414.0
11414.6
11422.0
11422.3
11431.0
11438.2
11440.4
11442.5
11444.4
11445.3
11453.4
11454.8
11455.7
11456.2
11458.9
11459.4
11461.1
11462.2
11475.5
11477.3
11481.1
11484.3
11485.3
11494.2
11508.6
11510.7
11524.3
11533.0
11536.8
11537.4
11542.3
11552.0
11555.6
11560.6
11561.9
11563.5
11581.3
11585.5
11590.3
11591.7
11592.2
11594.5
11598.7
11600.2
11601.3
11614.5
11616.4
11617.5
11623.3
11626.1
11628.3
11632.5
11634.6
11640.9
11641.2
11645.7
11650.1
11651.9
11656.7
11657.2
11658.8
11676.1
11677.0
11683.0
11684.2
11693.4
11700.6
11711.7
11715.3
11725.8
11735.8
11745.2
11749.0
11750.5
11754.6
11760.3
11763.3
11767.8
11770.6
11772.6
11779.9
11786.2
11788.3
11794.5
11795.1
11796.9
11803.5
11812.2
11812.4
11816.0
11817.8
11818.0
11819.9
11820.7
11824.4
11827.5
11827.6
11828.7
11829.3
11833.6
11843.8
11845.4
11854.7
11856.9
11857.3
11863.3
11866.6
11869.1
11870.2
11870.5
11872.1
11876.3
11878.2
11880.8
11884.1
11886.9
11890.8
11893.2
11901.7
11907.2
11913.9
11920.9
11923.8
11926.7
11929.6
11930.3
11942.5
11943.3
11943.4
11945.2
11945.6
11949.1
11951.3
11951.8
11968.1
11973.6
11973.7
11979.5
11984.2
11984.2
11990.0
11991.8
11994.7
12005.1
12008.4
12012.4
12023.0
12023.2
12028.1
12028.3
12029.8
12030.4
12031.5
12034.4
12042.7
12043.4
12043.5
12045.3
12047.2
12053.8
12054.3
12054.7
12056.2
12061.1
12064.3
12066.8
12068.2
12073.4
12079.5
12088.0
12093.0
12102.1
12102.3
12103.4
12103.4
12103.7
12104.8
12108.3
12113.3
12116.2
12130.3
12132.1
12133.2
12141.6
12142.7
12154.0
12154.8
12155.3
12163.5
12165.3
12165.4
12165.7
12169.4
12171.2
12172.1
12176.6
12181.3
12182.2
12186.0
12186.3
12189.0
12189.7
12190.7
12203.7
12207.0
12207.1
12207.4
12211.3
12214.3
12218.0
12221.3
12222.4
12222.5
12225.8
12227.3
12231.0
12231.1
12233.4
12235.9
12237.8
12240.2
12245.7
12247.8
12248.5
12249.3
12250.4
12251.1
12254.3
12258.1
12264.3
12277.7
12280.0
12288.4
12289.8
12291.9
12297.0
12298.7
12306.5
12307.3
12309.2
12314.5
12314.6
12320.0
12323.3
12323.8
12333.5
12334.7
12337.7
12346.6
12346.7
12347.1
12354.6
12360.3
12363.3
12373.3
12373.3
12373.7
12381.7
12382.6
12390.2
12390.5
12398.1
12400.4
12405.9
12406.4
12407.6
12412.8
12412.8
12417.4
12426.7
12428.4
12432.9
12433.6
12445.9
12451.9
12461.1
12461.1
12462.3
12464.2
12465.3
12468.7
12480.7
12484.1
12485.7
12488.1
12495.1
12495.7
12504.1
12507.3
12515.8
12519.6
12522.3
12522.6
12526.1
12533.0
12536.4
12536.9
12540.4
12541.5
12542.4
12542.4
12549.9
12554.1
12559.2
12566.7
12566.7
12567.0
12570.6
12573.7
12574.8
12589.6
12597.3
12602.6
12603.1
12605.6
12608.0
12612.6
12613.5
12616.5
12620.0
12627.9
12630.3
12631.6
12631.8
12639.5
12644.7
12647.8
12649.9
12655.6
12658.0
12661.6
12665.9
12669.3
12675.6
12681.4
12683.4
12683.9
12685.6
12687.5
12688.6
12689.7
12699.6
12701.8
12704.8
12717.2
12719.3
12722.2
12732.4
12762.9
12764.5
12765.0
12770.7
12771.7
12775.6
12776.8
12781.6
12782.9
12786.7
12796.5
12804.4
12809.1
12812.2
12817.9
12823.5
12827.0
12830.5
12831.8
12833.9
12839.6
12847.7
12848.2
12853.5
12861.2
12861.9
12862.9
12863.9
12867.9
12871.7
12880.3
12882.8
12883.4
12885.1
12885.7
12886.6
12890.5
12890.6
12894.8
12905.2
12910.7
12910.7
12914.3
12915.4
12918.2
12919.4
12922.4
12931.9
12931.9
12934.3
12942.1
12944.6
12946.0
12949.9
12950.1
12951.4
12954.3
12967.1
12967.9
12970.1
12971.8
12973.6
12978.5
12980.8
12981.3
12991.2
12996.0
12997.1
12997.9
12999.3
13003.9
13003.9
13004.4
13007.8
13015.0
13015.8
13022.5
13024.3
13026.5
13027.6
13029.4
13033.5
13037.4
13040.6
13041.2
13049.8
13050.4
13062.6
13069.2
13073.4
13078.8
13078.9
13084.5
13086.7
13090.0
13095.8
13097.6
13105.3
13113.4
13116.6
13119.1
13125.5
13128.2
13134.6
13137.0
13144.9
13144.9
13145.2
13151.9
13153.0
13163.9
13175.5
13183.9
13185.4
13188.0
13188.8
13195.3
13200.5
13202.2
13204.3
13207.0
13215.1
13222.6
13222.6
13236.2
13236.5
13237.8
13238.9
13240.8
13248.8
13252.7
13253.7
13255.7
13258.5
13258.5
13258.5
13261.6
13265.6
13273.4
13277.8
13278.0
13279.7
13282.0
13288.9
13294.6
13297.7
13307.1
13310.3
13317.0
13326.8
13328.1
13329.0
13330.2
13330.3
13330.7
13338.1
13338.1
13342.1
13342.6
13347.4
13364.4
13364.8
13364.8
13366.4
13367.1
13378.9
13383.3
13386.5
13395.9
13397.5
13398.0
13400.3
13401.6
13403.5
13408.0
13411.0
13413.3
13415.7
13416.0
13419.5
13419.7
13421.0
13426.7
13428.6
13432.1
13436.2
13437.6
13438.4
13452.3
13455.2
13460.5
13473.9
13473.9
13475.5
13476.0
13478.7
13479.9
13486.2
13488.0
13493.5
13497.3
13498.9
13502.4
13515.7
13516.1
13526.2
13532.1
13540.2
13540.6
13547.9
13549.0
13550.4
13555.8
13561.7
13572.3
13572.8
13573.4
13573.5
13579.1
13584.1
13584.5
13590.2
13609.8
13617.7
13618.7
13623.7
13624.7
13625.0
13630.4
13641.9
13646.9
13647.9
13666.4
13676.7
13677.5
13677.9
13678.7
13683.8
13684.5
13691.4
13701.8
13702.6
13709.5
13717.1
13723.0
13725.0
13727.3
13734.0
13734.1
13738.2
13739.2
13748.3
13759.1
13764.9
13766.7
13766.7
13771.5
13773.8
13778.7
13780.6
13783.3
13783.3
13785.5
13785.9
13790.7
13795.9
13797.7
13801.8
13817.0
13833.8
13837.0
13837.5
13848.6
13858.3
13866.0
13878.9
13878.9
13879.0
13882.9
13883.9
13884.3
13886.6
13896.0
13899.2
13904.0
13909.0
13911.0
13912.2
13915.0
13916.1
13919.4
13921.8
13925.6
13928.0
13928.8
13929.8
13975.9
13983.5
13987.9
13989.7
13990.3
14005.9
14006.8
14013.9
14024.3
14025.2
14025.3
14030.9
14036.8
14042.7
14049.0
14054.6
14058.6
14059.6
14069.4
14071.0
14072.4
14075.4
14076.9
14084.5
14084.7
14094.3
14120.6
14132.9
14135.3
14142.6
14144.9
14153.8
14154.3
14154.6
14159.6
14161.6
14169.0
14172.6
14173.6
14180.9
14189.8
14202.5
14202.9
14224.1
14225.9
14229.0
14232.0
14243.7
14246.5
14251.7
14258.9
14259.2
14265.9
14266.3
14269.2
14269.4
14271.4
14271.7
14272.0
14277.6
14289.7
14292.7
14296.2
14296.2
14297.6
14303.1
14309.8
14309.9
14309.9
14311.1
14312.3
14344.8
14345.5
14348.3
14352.5
14353.1
14354.1
14354.9
14355.0
14357.5
14359.5
14361.6
14366.3
14370.5
14370.8
14373.1
14386.9
14390.4
14392.5
14393.3
14393.3
14397.8
14416.0
14419.9
14424.1
14425.2
14429.9
14449.3
14451.4
14457.2
14457.6
14460.4
14487.8
14488.7
14488.9
14492.0
14495.6
14511.0
14512.6
14519.6
14522.5
14525.1
14526.6
14527.3
14529.9
14532.1
14532.2
14532.3
14553.5
14560.8
14567.8
14569.7
14584.0
14588.8
14589.2
14593.3
14601.8
14606.7
14608.2
14608.5
14614.5
14621.2
14621.4
14626.5
14627.7
14631.6
14638.7
14639.2
14644.9
14645.8
14645.8
14653.6
14653.9
14654.3
14657.2
14659.1
14664.7
14667.3
14669.5
14683.8
14684.2
14686.2
14694.2
14697.5
14706.4
14708.4
14710.7
14714.2
14715.7
14728.0
14749.7
14750.4
14752.3
14757.3
14757.7
14760.0
14763.9
14765.0
14766.9
14771.7
14777.1
14797.7
14804.8
14808.7
14809.6
14817.0
14819.5
14832.2
14845.9
14851.5
14854.2
14859.3
14860.2
14873.1
14874.5
14882.1
14882.9
14883.5
14894.8
14904.3
14911.4
14917.8
14946.9
14948.1
14951.8
14962.5
14962.5
14965.4
14966.9
14967.2
14972.1
14972.2
14975.6
14978.0
14980.1
14995.6
14997.4
15002.0
15012.0
15012.9
15015.2
15017.0
15029.6
15032.2
15040.8
15043.5
15044.2
15047.5
15047.6
15048.7
15056.2
15057.3
15070.7
15074.4
15075.2
15081.4
15083.8
15100.8
15103.4
15103.6
15108.5
15111.7
15114.3
15124.5
15138.6
15138.7
15141.2
15146.3
15162.6
15162.6
15170.6
15172.3
15176.6
15180.4
15184.4
15184.5
15186.4
15186.5
15195.7
15199.9
15204.8
15208.5
15218.9
15229.7
15231.0
15234.5
15235.8
15238.0
15247.5
15266.2
15276.3
15285.7
15287.8
15289.6
15293.8
15296.7
15299.8
15299.9
15301.2
15309.0
15318.5
15324.5
15340.3
15346.4
15350.4
15355.4
15359.6
15381.1
15385.9
15390.8
15391.0
15391.9
15396.5
15396.8
15399.2
15400.5
15400.5
15407.9
15413.2
15416.3
15416.5
15423.7
15433.0
15449.1
15456.3
15464.8
15468.8
15478.5
15481.9
15485.4
15491.7
15495.8
15505.4
15510.5
15511.0
15513.1
15513.4
15517.2
15519.6
15526.9
15529.0
15539.3
15539.8
15553.1
15553.1
15554.3
15555.3
15556.8
15558.8
15559.4
15566.4
15578.3
15583.0
15586.9
15587.7
15595.9
15598.8
15603.4
15609.6
15610.2
15612.7
15616.1
15616.7
15627.9
15631.4
15634.2
15634.2
15636.9
15638.7
15650.2
15656.3
15661.9
15663.5
15663.9
15672.7
15683.8
15688.1
15691.3
15705.5
15710.6
15716.9
15718.3
15719.0
15719.0
15721.5
15725.0
15731.5
15736.2
15741.8
15757.2
15758.0
15771.4
15775.4
15778.5
15779.3
15783.0
15786.8
15788.8
15794.8
15796.8
15798.2
15824.9
15835.0
15840.9
15841.6
15842.1
15843.1
15870.8
15887.5
15892.4
15899.1
15899.5
15902.2
15914.7
15914.9
15914.9
15922.8
15926.9
15931.1
15939.2
15949.3
15971.3
15974.6
15980.4
15987.4
15987.4
15989.1
15992.3
15998.2
16003.5
16005.5
16005.8
16006.2
16010.3
16027.2
16033.0
16033.2
16036.8
16037.7
16050.5
16063.0
16063.1
16063.3
16070.4
16073.3
16076.0
16090.2
16130.0
16154.1
16159.7
16168.5
16171.3
16175.4
16204.9
16214.0
16218.5
16218.9
16230.9
16232.8
16233.0
16248.5
16249.5
16250.5
16251.8
16260.8
16273.8
16279.1
16283.3
16285.3
16289.5
16296.4
16302.3
16305.7
16306.1
16314.1
16315.2
16322.4
16323.9
16330.7
16351.3
16351.6
16356.0
16362.2
16363.0
16363.5
16367.8
16374.4
16378.5
16382.6
16385.8
16387.5
16387.9
16390.1
16390.9
16393.7
16394.2
16398.6
16407.2
16422.3
16433.5
16434.4
16435.0
16435.1
16440.5
16446.5
16448.6
16451.6
16462.7
16463.5
16470.7
16471.8
16476.2
16477.9
16478.2
16479.6
16513.3
16514.1
16522.5
16535.1
16547.4
16559.8
16560.1
16560.6
16568.2
16573.7
16575.1
16586.1
16587.5
16595.4
16601.5
16610.7
16613.5
16629.3
16634.9
16642.1
16656.6
16666.3
16670.0
16674.1
16674.7
16677.9
16681.4
16682.8
16689.7
16699.9
16700.8
16701.9
16702.5
16705.9
16713.7
16716.4
16717.7
16717.7
16723.0
16724.4
16730.4
16731.1
16732.5
16735.8
16738.9
16745.6
16756.3
16771.0
16772.1
16775.8
16777.9
16786.0
16800.3
16805.2
16831.2
16831.8
16835.0
16835.4
16838.1
16842.3
16844.9
16851.9
16867.8
16870.2
16883.7
16889.4
16893.9
16894.3
16895.8
16899.6
16902.6
16906.1
16918.1
16918.8
16927.8
16936.5
16941.4
16950.8
16951.7
16953.3
16956.1
16956.1
16962.3
16974.2
16990.4
16993.2
16995.6
16997.9
16998.1
17000.0
17005.4
17008.2
17008.3
17009.4
17012.4
17019.1
17026.7
17031.4
17036.2
17040.1
17043.1
17047.2
17050.8
17069.1
17077.6
17087.5
17093.4
17093.4
17098.4
17101.4
17101.5
17103.6
17108.3
17111.1
17111.9
17114.1
17115.2
17117.1
17121.3
17126.9
17138.1
17143.6
17145.0
17147.1
17159.0
17177.5
17181.5
17192.0
17196.6
17198.2
17205.4
17222.6
17225.3
17226.4
17231.1
17235.4
17240.5
17241.5
17248.4
17250.0
17250.3
17262.0
17269.2
17269.5
17270.2
17274.8
17277.6
17285.2
17296.9
17308.7
17308.7
17311.9
17313.5
17321.2
17327.8
17333.8
17336.7
17350.8
17350.8
17360.1
17365.0
17374.1
17375.6
17376.3
17380.5
17390.9
17391.7
17394.4
17401.2
17419.8
17420.1
17421.6
17428.0
17435.9
17447.2
17451.2
17452.2
17453.7
17454.3
17455.7
17460.2
17461.4
17466.7
17470.8
17472.8
17474.3
17487.4
17503.7
17513.5
17532.4
17535.2
17555.6
17557.4
17566.1
17567.1
17567.7
17568.4
17585.5
17599.5
17609.5
17611.3
17613.2
17615.5
17618.5
17633.6
17645.8
17648.8
17650.0
17651.5
17651.5
17654.9
17655.8
17659.7
17668.4
17675.0
17675.9
17681.0
17684.7
17685.4
17687.2
17705.2
17706.1
17711.2
17713.3
17714.5
17718.8
17730.2
17730.2
17737.6
17739.7
17740.3
17749.9
17768.8
17769.2
17770.5
17771.3
17773.1
17789.3
17794.6
17806.8
17807.7
17807.7
17810.6
17822.9
17827.0
17844.2
17847.1
17852.5
17853.9
17861.9
17867.7
17871.2
17886.1
17888.3
17892.6
17901.4
17904.2
17931.8
17932.9
17933.6
17936.7
17937.1
17950.2
17957.0
17961.9
17974.8
17977.4
17986.9
17987.0
17987.9
17993.6
17996.8
18000.0
18000.1
18002.8
18017.3
18017.7
18023.6
18034.6
18034.8
18036.0
18037.8
18046.2
18053.5
18057.6
18060.3
18060.3
18063.2
18074.2
18080.9
18090.6
18094.0
18095.6
18110.5
18111.3
18133.3
18143.2
18143.5
18145.0
18146.5
18146.5
18174.9
18175.4
18177.7
18178.1
18178.2
18192.1
18193.9
18225.9
18231.8
18244.2
18245.1
18248.1
18250.3
18250.6
18252.9
18259.2
18263.3
18275.2
18278.0
18278.1
18278.4
18293.8
18298.8
18307.8
18311.9
18312.9
18321.6
18326.8
18333.7
18334.8
18339.9
18342.2
18342.3
18343.7
18347.3
18349.5
18349.9
18355.3
18357.3
18360.7
18366.6
18367.1
18368.1
18368.5
18383.4
18387.8
18390.9
18390.9
18398.3
18398.5
18399.4
18400.0
18409.1
18411.3
18425.6
18426.0
18431.8
18432.1
18439.2
18453.4
18464.7
18466.6
18479.3
18480.4
18481.0
18481.2
18482.0
18484.0
18491.3
18493.4
18499.6
18501.5
18510.3
18524.9
18528.0
18530.7
18537.8
18547.6
18552.2
18558.9
18559.1
18559.1
18566.5
18567.9
18581.6
18581.9
18590.9
18593.5
18600.9
18607.0
18607.0
18610.3
18612.5
18627.3
18629.9
18631.9
18632.6
18638.0
18641.3
18656.9
18672.4
18674.6
18677.2
18681.3
18683.8
18694.1
18698.5
18704.4
18713.5
18716.7
18718.6
18725.2
18726.7
18732.5
18733.2
18734.0
18734.7
18735.2
18742.8
18747.3
18747.7
18754.2
18760.9
18761.3
18761.8
18766.6
18769.8
18773.7
18781.1
18796.9
18797.4
18813.1
18814.0
18815.9
18817.3
18819.0
18820.4
18834.3
18835.5
18841.9
18847.4
18847.9
18859.2
18874.8
18874.8
18893.7
18894.5
18894.7
18896.4
18904.7
18905.5
18907.8
18908.0
18915.4
18919.4
18928.2
18934.4
18948.0
18955.6
18957.5
18965.7
18967.2
18990.1
18995.4
19002.3
19005.4
19011.9
19012.9
19018.2
19018.2
19024.8
19024.8
19030.9
19036.0
19049.6
19056.2
19056.7
19076.1
19079.9
19082.6
19084.2
19084.8
19091.3
19095.5
19096.8
19101.0
19113.0
19122.8
19134.4
19138.4
19138.6
19140.3
19141.6
19142.2
19148.0
19148.8
19149.5
19153.4
19163.5
19164.0
19167.9
19176.8
19178.8
19202.2
19203.1
19203.2
19203.3
19203.8
19205.7
19209.9
19217.4
19239.7
19242.1
19246.0
19252.4
19255.7
19255.7
19274.8
19275.3
19275.3
19276.1
19279.8
19282.2
19293.1
19299.1
19303.7
19311.0
19312.9
19323.3
19326.3
19329.1
19330.1
19338.4
19349.7
19351.0
19356.1
19365.6
19375.2
19385.6
19393.0
19405.0
19423.0
19425.1
19436.3
19441.0
19443.1
19445.1
19446.8
19449.3
19450.0
19472.2
19474.7
19478.4
19497.1
19499.7
19502.5
19502.5
19503.1
19512.5
19521.1
19524.7
19527.2
19562.5
19569.3
19586.6
19587.9
19591.6
19592.9
19593.8
19596.2
19597.8
19602.6
19607.1
19614.4
19621.2
19622.7
19624.7
19626.0
19628.0
19635.2
19639.2
19641.1
19646.4
19649.3
19652.8
19655.9
19665.2
19676.4
19686.0
19695.4
19708.0
19708.6
19709.6
19710.4
19720.5
19720.9
19724.3
19724.5
19735.3
19736.2
19766.8
19767.9
19773.1
19778.7
19789.0
19791.3
19800.1
19805.3
19813.4
19816.9
19826.3
19832.5
19833.7
19837.4
19844.0
19848.5
19871.4
19884.4
19884.6
19885.9
19889.7
19892.4
19894.0
19895.1
19898.5
19899.4
19900.4
19916.1
19949.2
19951.0
19959.6
19959.9
19972.0
19974.1
19984.1
19993.8
20000.0
20004.7
20015.5
20023.7
20023.8
20024.8
20028.9
20033.7
20033.7
20038.2
20042.1
20042.1
20043.5
20050.7
20057.2
20058.3
20065.4
20069.2
20069.2
20069.6
20071.4
20083.9
20097.3
20099.5
20104.2
20104.9
20106.6
20110.3
20110.5
20113.9
20118.0
20120.6
20125.4
20128.1
20133.3
20138.6
20139.9
20166.0
20166.0
20166.7
20169.8
20173.3
20175.0
20181.1
20212.3
20219.4
20219.4
20221.2
20227.4
20227.5
20232.8
20235.0
20246.3
20254.8
20255.4
20257.3
20265.6
20266.2
20276.5
20282.4
20283.9
20286.9
20291.4
20296.4
20304.7
20305.1
20307.8
20313.9
20319.6
20331.0
20338.7
20339.0
20343.0
20352.5
20358.9
20363.9
20370.2
20373.1
20374.6
20378.6
20399.5
20405.5
20418.3
20422.7
20433.9
20434.4
20438.3
20439.3
20443.1
20444.8
20478.6
20486.3
20488.2
20493.7
20510.4
20513.5
20517.3
20518.2
20521.7
20536.2
20543.4
20553.9
20554.3
20558.9
20560.2
20560.3
20571.9
20572.9
20574.3
20578.2
20592.7
20594.9
20600.3
20618.8
20620.7
20628.6
20661.7
20668.9
20679.2
20693.6
20694.9
20695.3
20699.3
20720.9
20741.0
20754.3
20754.8
20760.3
20769.5
20777.2
20780.5
20786.6
20822.0
20822.2
20823.4
20840.5
20841.3
20843.3
20846.7
20851.3
20874.2
20879.8
20890.6
20903.0
20917.7
20938.6
20940.5
20941.8
20949.0
20967.6
20969.0
20979.2
20987.4
20992.1
20998.4
21017.1
21024.2
21030.3
21044.9
21048.1
21054.1
21059.9
21061.0
21062.8
21077.7
21079.6
21085.2
21085.3
21088.6
21102.8
21110.2
21113.1
21117.3
21118.5
21144.0
21145.9
21152.0
21161.3
21171.6
21173.9
21174.5
21182.5
21183.1
21186.3
21187.6
21188.1
21195.3
21203.8
21204.9
21215.8
21224.1
21226.7
21240.1
21250.1
21251.5
21254.8
21280.6
21282.8
21291.1
21325.8
21333.6
21335.5
21363.1
21369.8
21384.5
21386.4
21390.7
21390.8
21393.6
21394.8
21404.3
21413.6
21440.4
21442.2
21448.5
21459.6
21462.2
21462.3
21477.8
21478.4
21483.8
21486.4
21494.4
21503.8
21509.1
21518.1
21525.4
21529.1
21534.6
21535.0
21547.2
21560.8
21570.8
21573.1
21573.9
21575.6
21587.8
21598.0
21610.1
21619.4
21619.9
21628.6
21633.5
21633.9
21635.0
21642.2
21652.9
21654.1
21676.7
21697.5
21699.9
21701.5
21704.0
21733.0
21748.1
21795.0
21797.5
21809.2
21841.7
21843.7
21847.1
21847.2
21854.9
21858.6
21859.0
21859.9
21863.3
21863.5
21874.7
21875.3
21881.0
21888.1
21894.5
21911.0
21912.2
21919.8
21922.4
21925.0
21956.7
21969.4
21969.8
22021.0
22034.3
22036.3
22044.4
22052.0
22052.2
22053.8
22055.1
22060.0
22060.1
22060.6
22074.6
22075.4
22075.6
22082.2
22084.8
22087.8
22098.2
22112.1
22115.4
22126.5
22133.0
22134.5
22144.6
22148.3
22149.9
22153.7
22160.1
22161.1
22161.6
22178.8
22182.4
22187.2
22200.9
22212.8
22217.4
22219.9
22221.9
22231.1
22246.5
22251.0
22255.2
22256.6
22260.4
22266.3
22267.6
22270.6
22271.7
22292.2
22294.2
22296.2
22296.8
22297.1
22315.5
22320.5
22327.0
22329.4
22345.1
22356.0
22368.6
22374.2
22391.5
22395.1
22400.8
22413.5
22422.5
22427.6
22430.1
22430.1
22436.9
22441.2
22452.1
22465.7
22476.4
22480.4
22489.8
22492.9
22500.7
22501.7
22521.7
22522.4
22524.5
22528.6
22531.7
22533.3
22538.7
22544.6
22552.5
22558.2
22558.5
22570.5
22585.6
22592.7
22604.3
22606.7
22625.2
22626.6
22633.0
22636.5
22639.1
22649.1
22653.1
22654.0
22662.5
22663.6
22687.6
22695.7
22697.5
22716.2
22717.2
22718.8
22720.0
22723.8
22728.3
22768.2
22771.0
22787.5
22812.2
22821.4
22840.2
22849.1
22849.3
22849.9
22859.4
22867.0
22873.2
22885.4
22885.7
22888.7
22897.5
22898.7
22903.5
22910.5
22921.1
22931.9
22936.8
22963.8
22965.5
22975.7
22978.9
23015.5
23016.1
23049.3
23060.9
23069.4
23074.4
23076.6
23076.8
23094.3
23108.9
23112.6
23117.1
23133.4
23138.8
23139.8
23171.0
23179.9
23187.6
23205.3
23249.7
23256.0
23271.3
23271.8
23298.5
23311.5
23327.1
23343.9
23345.4
23346.0
23357.3
23368.5
23377.6
23380.0
23380.1
23417.3
23417.8
23444.2
23454.9
23474.7
23487.1
23488.6
23511.0
23519.6
23523.3
23527.2
23535.2
23570.4
23576.9
23594.8
23598.0
23598.4
23600.7
23606.1
23608.0
23609.4
23612.1
23620.1
23621.7
23628.0
23631.2
23631.5
23654.0
23664.8
23670.0
23672.9
23676.3
23679.8
23693.7
23702.6
23703.3
23720.7
23722.0
23745.7
23756.2
23762.1
23766.7
23773.8
23784.5
23789.8
23807.7
23810.3
23812.0
23816.0
23819.1
23833.1
23835.9
23837.3
23838.5
23848.7
23857.3
23857.7
23871.3
23871.4
23876.6
23878.1
23884.1
23901.0
23907.2
23910.8
23920.4
23935.6
23935.9
23946.0
23947.2
23955.3
23961.1
23967.7
23968.9
23976.4
23976.6
23995.9
24017.2
24017.4
24038.5
24040.6
24042.9
24048.9
24054.9
24069.5
24071.9
24084.8
24085.7
24088.5
24091.2
24103.5
24106.8
24115.1
24121.1
24123.7
24123.9
24124.5
24134.8
24137.0
24140.3
24153.6
24156.3
24180.5
24183.1
24202.9
24206.7
24214.1
24248.9
24264.3
24286.6
24302.2
24309.0
24309.7
24324.1
24348.9
24353.8
24364.4
24390.9
24395.7
24396.5
24416.2
24423.4
24434.1
24444.3
24449.0
24467.6
24471.1
24487.3
24516.3
24524.7
24527.7
24543.7
24551.5
24557.9
24572.3
24595.1
24599.0
24612.3
24613.7
24619.8
24628.1
24639.5
24650.8
24651.2
24661.6
24663.3
24663.7
24698.6
24710.0
24713.7
24717.1
24717.3
24719.3
24726.2
24727.6
24732.0
24735.4
24763.7
24775.4
24780.6
24781.5
24788.1
24796.5
24797.2
24804.3
24807.4
24816.7
24821.7
24850.7
24856.0
24864.6
24868.6
24873.9
24876.7
24883.5
24904.5
24908.8
24920.6
24920.6
24958.1
24961.5
24962.5
24964.1
24977.9
24992.1
25002.4
25024.7
25029.6
25031.9
25040.1
25041.8
25051.7
25087.1
25091.0
25091.2
25096.4
25096.6
25098.9
25099.4
25100.5
25126.5
25134.9
25158.3
25165.7
25178.5
25181.9
25186.4
25194.3
25198.6
25199.3
25218.9
25225.3
25231.3
25247.9
25250.7
25275.1
25284.0
25286.5
25294.2
25303.1
25325.3
25325.8
25339.1
25342.3
25361.5
25393.1
25398.2
25398.2
25419.8
25436.5
25438.5
25444.5
25450.1
25452.2
25454.3
25455.3
25462.3
25473.1
25478.1
25485.1
25485.7
25502.6
25526.4
25548.7
25562.0
25572.9
25627.1
25628.8
25629.9
25634.2
25648.7
25658.2
25672.3
25672.5
25705.1
25705.6
25710.2
25714.3
25715.4
25759.8
25770.2
25808.9
25854.7
25864.8
25874.6
25883.2
25889.5
25889.9
25906.7
25908.8
25924.8
25929.9
25942.9
25958.7
25962.5
25973.1
25986.2
25986.4
26002.4
26002.5
26039.1
26062.0
26070.9
26083.4
26091.7
26099.6
26120.8
26125.2
26128.6
26143.2
26154.4
26154.7
26161.2
26167.9
26194.2
26208.3
26221.0
26223.2
26230.9
26236.0
26251.7
26258.5
26274.8
26277.7
26283.5
26305.7
26311.5
26313.4
26318.1
26318.5
26326.3
26329.0
26330.4
26338.8
26351.0
26361.2
26375.5
26377.2
26402.8
26421.6
26426.4
26434.1
26435.4
26438.9
26447.4
26448.1
26450.5
26453.8
26470.3
26473.8
26484.1
26493.3
26493.3
26496.2
26500.1
26518.0
26525.1
26525.4
26539.3
26565.1
26578.6
26586.2
26586.2
26609.5
26610.5
26612.5
26614.3
26647.0
26660.3
26660.3
26663.1
26678.9
26679.0
26679.7
26684.1
26685.2
26687.7
26694.6
26718.8
26734.2
26734.2
26742.8
26749.8
26753.0
26772.2
26799.0
26804.4
26806.7
26817.7
26822.7
26823.9
26824.7
26838.4
26844.4
26858.6
26862.8
26863.0
26864.1
26876.7
26891.0
26910.6
26940.4
26946.6
26947.2
26952.1
26971.6
26975.2
26994.6
26996.4
27011.5
27029.4
27051.1
27058.6
27061.4
27071.0
27086.4
27103.6
27126.7
27128.9
27134.8
27140.9
27152.8
27153.0
27166.2
27166.4
27172.2
27182.9
27184.1
27214.7
27240.6
27245.2
27272.8
27280.7
27285.1
27286.0
27292.9
27310.0
27326.0
27329.6
27347.1
27389.7
27398.3
27401.5
27413.5
27422.7
27431.5
27471.3
27488.6
27504.2
27525.5
27546.8
27557.5
27563.3
27572.1
27574.4
27578.3
27584.7
27586.4
27609.3
27615.4
27619.5
27648.8
27711.9
27739.3
27767.0
27781.2
27783.7
27785.3
27794.1
27796.2
27797.6
27815.0
27825.7
27838.8
27865.1
27883.8
27904.5
27913.9
27916.3
27919.0
27922.7
27929.4
27935.5
27943.5
27958.5
27965.6
27970.9
27979.1
27995.5
27998.0
28001.3
28014.7
28016.0
28017.3
28020.5
28027.4
28039.1
28075.6
28107.3
28127.0
28180.3
28232.9
28241.2
28246.7
28247.5
28256.6
28258.9
28265.1
28266.1
28311.1
28312.1
28316.8
28324.4
28324.6
28339.5
28347.8
28349.9
28353.9
28382.0
28403.4
28418.4
28421.8
28432.5
28461.3
28476.4
28479.5
28489.0
28490.9
28499.7
28505.1
28533.1
28556.2
28567.3
28573.1
28578.8
28593.4
28616.5
28646.7
28652.4
28675.9
28678.2
28689.6
28690.1
28708.2
28723.9
28731.7
28732.5
28746.0
28752.8
28770.1
28796.4
28799.2
28804.4
28805.4
28808.5
28820.3
28829.5
28841.6
28852.6
28859.7
28886.6
28905.8
28936.6
28944.5
28944.6
28947.1
28962.5
28979.0
28985.7
28996.9
29001.9
29010.3
29013.4
29013.6
29019.6
29020.2
29040.4
29067.8
29072.3
29098.6
29100.1
29111.7
29113.1
29120.5
29149.6
29160.2
29168.7
29189.1
29190.2
29212.4
29214.5
29218.7
29226.3
29226.7
29227.2
29233.6
29273.7
29274.3
29279.9
29292.8
29297.4
29309.7
29324.0
29345.7
29377.2
29416.5
29439.1
29444.0
29449.6
29460.0
29462.2
29478.1
29504.8
29533.8
29550.8
29561.7
29563.3
29571.9
29602.2
29602.2
29610.6
29622.5
29649.5
29659.0
29675.1
29687.9
29688.5
29714.3
29717.9
29745.1
29745.4
29787.8
29801.6
29806.4
29829.8
29863.3
29872.6
29883.0
29916.9
29926.7
29947.6
29967.4
29983.1
30004.0
30005.6
30028.7
30037.8
30042.6
30049.2
30084.2
30093.8
30100.7
30108.7
30109.5
30162.2
30170.2
30173.9
30188.6
30192.2
30229.8
30242.7
30243.0
30244.2
30244.6
30265.2
30267.1
30276.0
30278.3
30289.9
30307.8
30313.2
30341.1
30345.5
30365.6
30370.7
30398.7
30446.5
30484.2
30485.8
30501.2
30526.3
30558.7
30566.2
30570.3
30575.3
30577.0
30593.5
30602.8
30631.7
30650.0
30661.2
30670.5
30698.2
30699.0
30715.3
30717.6
30718.0
30723.8
30731.4
30767.8
30785.6
30802.1
30817.1
30842.6
30846.0
30864.4
30876.4
30878.2
30882.5
30886.2
30899.8
30900.5
30915.6
30927.5
30930.4
30932.3
30945.7
30966.3
30971.3
30982.3
31005.9
31010.2
31039.9
31064.7
31066.9
31067.0
31101.6
31124.2
31127.7
31139.8
31141.6
31171.5
31172.1
31178.0
31184.6
31215.1
31229.4
31238.2
31243.0
31268.1
31269.5
31277.6
31277.9
31284.9
31309.2
31312.2
31312.6
31324.2
31346.0
31353.9
31361.4
31386.2
31397.2
31408.8
31408.8
31417.7
31419.2
31420.3
31431.4
31432.5
31452.0
31475.5
31478.1
31480.3
31495.4
31507.0
31514.7
31519.7
31520.8
31523.7
31568.3
31570.2
31597.5
31621.2
31624.3
31644.5
31644.8
31648.8
31650.5
31658.1
31694.9
31783.6
31788.3
31804.0
31804.5
31825.2
31827.1
31840.6
31864.1
31870.8
31888.4
31899.8
31902.2
31904.7
31934.3
31934.8
31937.2
31997.5
32031.0
32062.1
32079.9
32090.1
32102.7
32115.5
32117.2
32117.5
32117.8
32152.9
32222.1
32232.2
32235.1
32241.0
32242.9
32295.2
32302.7
32315.1
32317.5
32332.9
32341.9
32350.5
32358.6
32387.2
32388.9
32402.8
32406.6
32411.1
32415.9
32419.8
32427.0
32452.3
32465.5
32478.6
32480.5
32482.2
32493.1
32496.5
32511.7
32512.2
32540.6
32541.7
32542.6
32555.9
32580.1
32590.4
32604.7
32608.7
32622.7
32636.5
32666.9
32679.8
32717.8
32745.7
32750.6
32750.8
32802.1
32828.7
32832.3
32833.5
32844.7
32844.7
32847.4
32884.8
32914.5
32916.2
32916.2
32917.5
32948.6
32950.5
32954.3
32975.8
32977.5
33010.0
33011.9
33012.1
33013.6
33020.9
33035.7
33053.9
33069.7
33084.3
33086.5
33093.8
33112.7
33149.2
33150.5
33154.2
33208.4
33211.7
33220.6
33236.6
33239.1
33239.2
33242.7
33271.0
33278.3
33280.8
33281.6
33309.1
33322.5
33331.1
33338.8
33346.5
33358.9
33364.7
33378.4
33388.2
33413.3
33434.0
33440.2
33455.8
33460.2
33504.6
33510.8
33519.6
33533.9
33539.8
33542.7
33560.6
33564.8
33565.0
33613.9
33624.2
33639.4
33644.0
33684.3
33721.9
33737.3
33754.1
33756.8
33795.9
33807.1
33818.1
33826.7
33833.7
33859.0
33860.5
33871.0
33876.9
33884.8
33885.7
33893.5
33919.5
33926.1
33941.1
33968.1
33989.8
34034.2
34035.6
34042.0
34059.2
34077.2
34086.6
34091.3
34114.7
34130.5
34141.6
34157.3
34179.0
34185.3
34190.3
34209.8
34217.7
34240.7
34261.5
34275.3
34320.1
34321.5
34327.1
34355.5
34360.8
34369.8
34386.8
34392.5
34393.7
34405.2
34420.0
34420.3
34443.5
34455.4
34468.8
34496.3
34524.6
34529.4
34538.1
34544.3
34548.0
34569.1
34571.0
34593.7
34602.8
34636.3
34644.0
34666.3
34701.6
34720.4
34729.8
34774.1
34781.5
34799.4
34867.4
34895.9
34932.9
34951.8
34954.0
34996.9
35008.4
35009.9
35010.4
35027.9
35037.5
35053.1
35053.9
35060.6
35067.2
35070.9
35075.0
35083.7
35095.3
35095.7
35099.7
35109.3
35119.2
35150.1
35154.0
35165.6
35174.8
35203.9
35204.8
35207.5
35210.9
35216.8
35217.9
35226.9
35279.1
35290.2
35313.8
35320.5
35321.7
35341.0
35361.9
35373.2
35373.8
35382.9
35463.9
35474.7
35487.7
35514.3
35526.1
35528.1
35553.7
35557.2
35557.2
35562.2
35610.6
35634.5
35660.9
35673.1
35678.1
35700.5
35719.3
35721.0
35735.3
35801.4
35805.0
35805.4
35818.0
35837.5
35845.8
35856.2
35862.9
35866.0
35885.3
35889.1
35895.0
35916.7
35922.5
35945.3
35950.3
36014.6
36021.4
36039.8
36039.9
36045.5
36059.1
36067.2
36098.2
36122.3
36123.8
36125.3
36163.4
36194.0
36210.5
36210.5
36214.1
36228.9
36255.6
36258.7
36265.1
36266.3
36302.0
36304.6
36329.4
36339.1
36345.4
36360.0
36366.9
36395.3
36397.7
36401.5
36414.2
36423.0
36427.8
36429.8
36431.8
36433.8
36453.8
36472.2
36515.3
36526.1
36526.8
36529.2
36535.1
36583.9
36592.6
36599.6
36630.2
36632.4
36660.8
36663.9
36687.8
36724.6
36724.6
36738.7
36753.1
36753.3
36773.0
36784.3
36786.6
36798.0
36798.9
36799.5
36834.2
36847.1
36851.1
36854.6
36856.9
36860.7
36922.3
36929.5
36937.7
36944.0
36956.2
36985.2
36988.7
36989.5
37021.5
37023.9
37035.1
37101.4
37112.5
37117.2
37133.7
37149.9
37153.1
37162.3
37162.3
37173.6
37191.4
37203.4
37213.8
37215.7
37236.6
37246.8
37274.6
37280.5
37283.6
37296.4
37304.4
37309.5
37333.2
37369.6
37390.1
37391.3
37411.5
37421.7
37448.3
37450.1
37479.9
37510.6
37530.3
37544.8
37591.7
37593.4
37604.4
37608.4
37636.9
37641.4
37646.0
37647.8
37662.3
37691.2
37702.3
37705.6
37713.1
37734.2
37777.9
37779.0
37780.5
37782.9
37785.6
37785.6
37790.2
37816.5
37842.9
37883.2
37883.3
37927.4
37960.5
37988.1
38026.0
38032.5
38144.0
38192.3
38198.6
38263.8
38318.0
38361.1
38391.6
38419.2
38434.5
38435.0
38445.9
38526.7
38555.3
38572.8
38573.1
38637.9
38666.3
38671.1
38676.8
38679.0
38712.5
38721.7
38754.5
38778.5
38779.6
38800.5
38826.6
38840.1
38869.7
38881.5
38920.1
38931.5
38937.5
38962.4
38970.5
38999.8
39010.3
39012.0
39048.9
39052.0
39054.6
39056.5
39084.0
39124.1
39132.0
39147.9
39161.4
39170.5
39176.0
39194.9
39196.8
39198.3
39239.9
39288.1
39306.5
39335.7
39355.9
39377.6
39398.6
39402.6
39424.3
39482.3
39485.0
39488.6
39494.5
39500.0
39506.6
39509.4
39547.2
39548.1
39580.2
39589.7
39599.4
39610.3
39616.6
39627.3
39640.0
39707.4
39715.8
39738.9
39778.0
39797.6
39836.1
39853.0
39886.3
39902.8
39906.7
39934.2
39946.3
39958.2
40008.3
40086.2
40100.9
40126.5
40139.7
40163.1
40223.9
40229.0
40230.7
40260.7
40346.4
40365.2
40441.1
40533.0
40567.5
40623.2
40655.2
40659.0
40710.6
40753.4
40795.5
40813.9
40816.7
40816.8
40885.6
41079.2
41217.6
41292.6
41384.1
41595.8
41634.7
41857.2
41983.7
42044.4
42064.9
42225.4
42229.8
42292.0
42353.5
42458.0
42582.6
42945.3
43019.5
43094.4
43379.6
43454.2
43880.4
44160.4
45277.5
45935.5
