1486.9
1491.2
1595.7
1608.2
1611.7
1622.9
1630.7
1650.0
1668.1
1672.9
1674.9
1680.3
1680.8
1681.7
1687.5
1708.8
1715.5
1739.4
1739.7
1741.2
1749.6
1758.3
1761.5
1774.8
1775.6
1786.9
1787.0
1787.8
1790.4
1791.5
1791.6
1792.0
1797.3
1805.7
1810.0
1815.6
1824.4
1851.7
1852.3
1852.9
1856.9
1862.9
1885.5
1901.9
1915.7
1925.5
1932.5
1935.2
1942.4
1955.3
1958.1
1969.1
1974.9
1975.2
2003.4
2010.8
2014.8
2024.6
2029.3
2044.1
2050.0
2059.4
2063.9
2073.7
2075.8
2077.8
2083.2
2087.7
2112.8
2117.3
2129.5
2129.5
2129.6
2130.7
2133.8
2136.7
2142.3
2150.0
2153.4
2157.5
2177.6
2178.0
2190.6
2200.4
2205.2
2206.4
2214.2
2226.0
2235.3
2237.8
2239.8
2253.7
2255.5
2255.9
2294.4
2295.0
2296.9
2299.0
2313.1
2314.8
2321.9
2324.7
2338.5
2343.9
2344.1
2356.6
2357.4
2376.8
2380.6
2389.9
2402.8
2408.2
2409.4
2409.9
2427.9
2434.8
2443.5
2445.9
2461.0
2464.1
2466.3
2477.7
2480.9
2500.4
2524.3
2531.0
2532.1
2553.7
2555.2
2648.2
2687.8
2691.2
2692.6
2708.9
2728.9
2731.0
2742.4
2743.0
2753.3
2768.4
2779.2
2811.6
2835.5
2841.1
2849.2
2870.8
2878.8
2885.8
2886.9
2890.4
2892.1
2893.6
2894.7
2903.9
2910.7
2913.5
2956.7
2972.0
2992.2
2999.2
3012.8
3018.6
3023.1
3026.6
3047.0
3054.2
3076.9
3083.7
3085.5
3101.0
3109.5
3109.8
3111.8
3113.1
3115.2
3116.8
3135.0
3160.5
3179.4
3227.7
3230.5
3257.8
3259.4
3263.4
3275.0
3286.5
3297.0
3302.8
3310.5
3321.0
3327.5
3340.2
3350.9
3360.1
3363.3
3396.6
3399.0
3407.6
3419.9
3444.4
3457.9
3466.6
3508.5
3512.6
3515.7
3523.8
3525.0
3536.7
3551.4
3563.9
3581.9
3607.0
3655.2
3670.7
3686.4
3695.5
3718.6
3740.0
3743.8
3756.0
3762.2
3765.7
3787.8
3800.9
3861.0
3867.4
3869.4
3872.0
3890.8
3898.9
3910.9
3929.4
3976.8
3999.0
4033.7
4033.7
4073.5
4079.6
4106.2
4113.6
4120.1
4138.6
4144.9
4147.4
4199.1
4201.6
4212.8
4227.1
4253.1
4270.7
4323.4
4338.6
4339.9
4342.7
4345.4
4352.7
4359.5
4378.4
4475.9
4483.0
4485.1
4503.8
4507.6
4525.3
4567.1
4614.9
4619.9
4635.4
4664.9
4675.5
4678.3
4696.0
4708.4
4723.6
4736.0
4776.1
4796.0
4796.6
4829.4
4833.5
4834.1
4848.7
4866.1
4932.6
4934.4
4961.2
5001.0
5005.2
5008.0
5008.0
5022.8
5064.6
5074.6
5122.0
5187.4
5239.6
5270.9
5324.2
5401.1
5416.3
5467.2
5564.8
5619.7
5672.1
5674.4
5707.2
5721.5
5724.1
5749.9
5793.4
5803.1
5825.5
5825.7
5852.3
5856.0
5873.3
5973.3
5993.9
5997.9
6012.0
6106.2
6138.1
6156.2
6223.0
6285.7
6305.7
6319.1
6344.7
6400.3
6427.2
6551.2
6565.3
6581.8
6676.1
6710.4
6710.4
6728.4
6755.7
6849.4
6934.9
7157.8
7193.7
7197.1
7244.4
7321.4
7336.4
7366.8
7397.9
7427.7
7428.2
7512.7
7531.1
7610.2
7625.3
7647.7
7725.5
7799.2
7803.0
7860.7
7865.2
7921.7
8067.7
8070.3
8175.5
8191.3
8209.7
8254.6
8259.3
8328.7
8362.7
8622.1
8662.9
8724.4
8787.6
8846.9
8860.3
8896.5
8916.8
8955.4
8979.1
8982.3
9028.9
9071.0
9142.8
9270.6
9306.8
9317.0
9407.8
9415.4
9469.1
9599.5
9681.6
9825.1
10083.8
10100.8
10157.0
10246.8
10334.3
10468.9
10616.9
10824.3
10848.2
10861.7
10895.8
10907.6
11052.8
11165.2
11204.1
11332.5
11384.7
11524.3
11592.2
11651.9
11683.0
11693.4
11715.3
11816.0
11930.3
12043.4
12172.1
12203.7
12277.7
12504.1
12540.4
12589.6
12612.6
12890.6
12954.3
13078.8
13095.8
13188.0
13195.3
13702.6
13727.3
13773.8
13783.3
13783.3
13795.9
13899.2
13904.0
14025.2
14072.4
14225.9
14269.2
14271.7
14348.3
14357.5
14488.7
14488.9
14511.0
14621.4
15299.9
15318.5
15385.9
15396.8
15529.0
15598.8
15788.8
16003.5
16005.8
16159.7
16385.8
16634.9
16745.6
17285.2
17380.5
17453.7
17613.2
17987.9
18111.3
18312.9
18425.6
18426.0
18732.5
18907.8
18967.2
19141.6
19167.9
19303.7
19478.4
19720.9
19724.5
19837.4
20118.0
20822.2
20938.6
21085.2
21254.8
21335.5
21619.9
22267.6
22639.1
22663.6
22873.2
23621.7
24710.0
24775.4
24873.9
25286.5
25986.4
26311.5
26329.0
26742.8
26799.0
26858.6
26910.6
27128.9
27739.3
28027.4
28678.2
30767.8
31312.2
31804.0
32117.8
32622.7
32745.7
32833.5
33331.1
33795.9
34042.0
34059.2
34209.8
34867.4
35010.4
35083.7
35210.9
36784.3
37591.7
37662.3
37790.2
38676.8
