1571.5
1571.7
1574.1
1599.7
1606.4
1607.6
1611.5
1632.1
1632.4
1635.6
1641.1
1643.4
1644.8
1644.9
1646.2
1653.3
1654.2
1664.4
1671.4
1671.7
1674.2
1685.9
1692.9
1693.8
1694.1
1699.5
1703.7
1717.4
1736.7
1738.3
1739.9
1744.1
1748.9
1749.9
1752.4
1758.5
1761.2
1765.0
1768.0
1768.2
1781.7
1786.4
1797.6
1798.1
1798.1
1807.2
1808.2
1813.7
1813.9
1833.0
1833.3
1838.9
1839.1
1841.0
1842.3
1843.9
1846.1
1846.5
1846.6
1847.6
1849.4
1851.4
1852.0
1853.8
1858.4
1858.8
1859.3
1861.3
1864.5
1866.5
1874.2
1877.6
1883.0
1883.8
1884.4
1895.9
1897.2
1907.0
1913.7
1916.3
1921.6
1922.5
1929.3
1930.0
1930.0
1948.9
1951.0
1954.5
1955.7
1956.5
1962.9
1963.4
1968.6
1970.5
1971.8
1973.5
1973.7
1980.6
1986.3
1986.3
2000.9
2004.8
2004.8
2008.8
2017.7
2019.1
2030.0
2039.1
2040.3
2049.2
2058.4
2067.7
2071.2
2079.3
2102.3
2107.1
2107.2
2107.2
2107.2
2121.5
2134.5
2134.8
2144.1
2145.6
2148.1
2151.0
2155.1
2157.2
2159.2
2160.1
2160.3
2160.6
2161.3
2170.8
2176.5
2176.5
2177.8
2180.3
2203.3
2219.5
2241.0
2244.5
2247.8
2253.2
2256.8
2259.9
2264.8
2277.8
2294.5
2318.6
2321.4
2330.3
2331.9
2334.2
2336.7
2338.4
2340.5
2345.7
2349.7
2350.7
2356.2
2359.6
2359.6
2379.5
2390.5
2391.7
2393.8
2413.5
2415.6
2417.3
2418.9
2429.7
2432.1
2435.4
2440.6
2442.3
2442.6
2442.7
2444.3
2447.5
2454.5
2459.2
2462.8
2464.0
2466.9
2468.1
2469.9
2477.6
2491.4
2496.3
2506.1
2510.2
2515.2
2523.0
2523.5
2523.5
2528.6
2529.0
2549.9
2553.1
2556.7
2562.6
2570.1
2573.8
2586.4
2594.3
2631.4
2632.0
2638.4
2643.7
2650.2
2653.2
2668.3
2680.8
2688.3
2689.0
2691.0
2722.6
2733.4
2735.8
2752.6
2754.5
2761.8
2762.3
2773.5
2791.3
2791.3
2810.5
2810.8
2821.0
2827.0
2832.4
2834.3
2837.0
2867.7
2870.5
2884.5
2884.5
2889.7
2903.3
2914.0
2927.4
2929.6
2937.1
2937.1
2937.1
2945.2
2951.8
2953.2
2968.0
2969.7
2972.4
2973.6
2974.3
2978.5
2979.4
2984.8
2985.3
2998.8
3000.0
3000.1
3005.8
3029.4
3030.2
3030.5
3031.2
3038.2
3038.2
3042.1
3048.6
3050.1
3071.1
3071.8
3089.8
3092.8
3095.5
3101.0
3101.4
3108.8
3110.9
3123.6
3130.6
3131.2
3136.9
3137.7
3138.0
3142.3
3158.7
3159.5
3161.5
3162.2
3179.1
3181.7
3186.5
3201.3
3204.0
3205.7
3214.9
3219.4
3225.8
3234.3
3234.6
3237.6
3244.4
3249.1
3256.2
3265.7
3266.1
3277.9
3284.1
3288.3
3289.2
3292.5
3293.9
3295.6
3297.0
3337.1
3337.5
3339.9
3355.5
3355.5
3360.3
3361.3
3365.2
3374.0
3379.5
3384.6
3388.7
3404.5
3407.5
3409.2
3424.8
3427.3
3427.6
3444.9
3449.4
3449.6
3461.2
3465.8
3466.7
3471.0
3476.1
3503.5
3510.8
3515.5
3536.4
3537.8
3540.7
3544.7
3544.7
3547.7
3563.0
3588.6
3601.2
3605.7
3607.9
3610.4
3612.9
3613.6
3641.7
3647.0
3672.7
3674.0
3675.1
3695.0
3702.9
3704.1
3706.4
3715.0
3729.5
3792.0
3792.2
3800.7
3803.6
3824.0
3833.7
3837.4
3837.4
3851.9
3856.6
3861.7
3863.9
3899.0
3903.5
3918.0
3924.8
3986.9
3995.9
3996.3
4007.4
4021.7
4026.6
4026.6
4044.7
4053.1
4056.4
4057.4
4063.9
4076.4
4099.9
4125.6
4129.8
4131.3
4132.3
4136.1
4140.6
4142.6
4147.4
4162.8
4165.1
4179.1
4186.4
4190.3
4217.2
4222.9
4262.3
4264.8
4271.5
4291.7
4297.3
4301.9
4302.0
4317.2
4321.8
4324.0
4327.7
4330.1
4330.3
4342.8
4347.3
4364.7
4369.0
4379.7
4395.2
4403.1
4439.4
4441.1
4444.9
4452.2
4465.5
4475.1
4486.5
4487.0
4529.3
4529.6
4533.1
4535.2
4536.6
4542.7
4551.7
4553.2
4560.6
4563.7
4565.1
4568.3
4585.9
4599.2
4605.3
4610.1
4622.7
4633.4
4636.1
4641.5
4650.7
4672.6
4687.6
4687.6
4698.4
4705.3
4718.6
4727.1
4735.5
4761.3
4762.0
4770.3
4773.0
4775.1
4793.6
4807.6
4808.6
4810.8
4813.3
4816.6
4817.9
4826.5
4851.9
4858.8
4859.2
4873.3
4921.9
4942.8
4953.0
4977.4
4979.2
4984.2
4985.2
4999.5
5021.2
5022.7
5047.3
5053.1
5078.6
5088.6
5091.9
5099.5
5106.8
5108.7
5109.1
5124.3
5124.4
5126.0
5166.1
5172.1
5181.6
5182.1
5183.2
5193.1
5212.9
5217.9
5229.1
5236.5
5266.1
5296.4
5319.4
5344.3
5348.8
5370.0
5378.3
5387.1
5391.3
5425.0
5426.1
5435.4
5454.2
5465.2
5468.1
5468.1
5478.6
5482.6
5488.1
5488.8
5493.2
5496.2
5501.6
5509.1
5551.3
5551.3
5552.2
5560.6
5563.4
5568.0
5598.3
5603.5
5614.8
5632.2
5634.1
5648.5
5653.4
5653.4
5700.5
5706.7
5710.4
5720.5
5725.8
5769.5
5769.7
5790.9
5804.1
5835.2
5895.9
5936.6
5949.1
5977.2
5988.2
6006.1
6055.5
6057.0
6100.6
6101.3
6107.2
6110.5
6112.2
6119.3
6135.1
6144.6
6154.7
6205.1
6206.1
6207.0
6212.5
6257.6
6273.3
6285.3
6285.3
6350.2
6352.7
6359.8
6361.0
6372.6
6402.8
6420.5
6439.4
6523.8
6524.4
6528.5
6533.0
6565.4
6568.2
6599.4
6622.3
6622.9
6628.7
6647.8
6648.7
6675.7
6685.0
6695.3
6710.6
6737.6
6741.6
6758.1
6776.0
6780.1
6792.5
6792.6
6808.8
6820.4
6856.9
6898.3
6932.4
6964.3
6968.1
6994.3
7007.4
7030.2
7040.2
7041.9
7046.9
7050.2
7074.3
7080.3
7085.1
7097.9
7108.6
7117.5
7117.8
7138.1
7165.3
7165.5
7169.8
7173.0
7206.2
7222.5
7225.4
7243.1
7327.5
7332.3
7363.1
7364.8
7381.1
7384.3
7435.3
7435.3
7435.9
7452.7
7463.1
7466.7
7479.2
7483.1
7485.9
7510.1
7532.5
7553.7
7640.6
7644.7
7646.4
7649.1
7678.1
7678.1
7714.8
7726.2
7726.2
7762.0
7775.8
7801.1
7810.3
7810.3
7818.3
7856.0
7864.0
7892.8
7916.6
7954.5
7989.7
8005.7
8067.6
8112.8
8168.8
8186.2
8208.0
8208.0
8209.1
8220.3
8220.7
8235.0
8241.1
8263.1
8283.4
8292.6
8315.9
8317.2
8319.3
8379.4
8402.5
8424.4
8471.8
8474.1
8495.1
8564.6
8587.3
8600.7
8610.1
8611.8
8614.6
8674.7
8675.7
8694.7
8737.0
8742.4
8755.9
8757.4
8764.3
8764.3
8794.6
8833.0
8852.6
8852.7
8920.2
8920.2
8923.6
8939.7
8963.9
8971.8
8978.7
8991.7
9004.5
9028.7
9057.5
9068.4
9070.8
9164.6
9220.8
9247.5
9303.3
9305.5
9310.6
9319.7
9388.4
9443.4
9458.2
9502.4
9521.6
9533.8
9624.5
9669.9
9687.2
9700.8
9739.6
9824.9
9837.3
9841.9
9870.0
9871.4
9877.5
9899.8
9911.3
9942.9
9975.9
9988.8
9988.8
10009.5
10031.9
10059.6
10078.0
10087.3
10090.2
10094.0
10098.0
10157.6
10165.4
10174.4
10189.3
10255.3
10293.1
10306.0
10307.3
10320.2
10354.4
10361.4
10364.6
10367.1
10405.5
10421.8
10481.2
10486.4
10486.4
10526.9
10559.6
10565.0
10573.6
10576.0
10621.1
10626.8
10640.7
10665.3
10668.4
10688.5
10709.0
10725.4
10744.0
10758.1
10759.3
10833.1
10859.3
10899.4
10967.7
10987.0
10988.3
10993.1
11004.0
11034.7
11036.5
11084.0
11090.7
11100.0
11113.5
11133.6
11139.1
11140.9
11146.6
11217.3
11252.6
11276.0
11303.6
11357.8
11368.0
11368.0
11377.3
11394.6
11411.2
11414.0
11414.6
11431.0
11485.3
11537.4
11555.6
11561.9
11563.5
11614.5
11626.1
11767.8
11786.2
11812.4
11827.5
11845.4
11856.9
11943.3
12005.1
12028.3
12034.4
12108.3
12133.2
12142.7
12165.3
12186.0
12190.7
12218.0
12222.5
12231.0
12231.1
12254.3
12264.3
12307.3
12346.7
12373.7
12519.6
12522.6
12566.7
12566.7
12603.1
12661.6
12689.7
12719.3
12762.9
12764.5
12770.7
12848.2
12885.1
12905.2
12950.1
12999.3
13003.9
13003.9
13015.8
13026.5
13027.6
13040.6
13125.5
13134.6
13145.2
13175.5
13240.8
13255.7
13258.5
13258.5
13307.1
13310.3
13342.6
13367.1
13383.3
13403.5
13415.7
13437.6
13473.9
13572.3
13609.8
13618.7
13623.7
13630.4
13734.0
13766.7
13837.0
13921.8
14069.4
14075.4
14084.5
14153.8
14189.8
14224.1
14259.2
14269.4
14289.7
14584.0
14614.5
14706.4
14708.4
14808.7
14809.6
14904.3
14946.9
15044.2
15100.8
15138.6
15162.6
15186.5
15208.5
15276.3
15309.0
15407.9
15485.4
15491.7
15555.3
15586.9
15587.7
15638.7
15661.9
15725.0
15796.8
15902.2
15939.2
16398.6
16463.5
16535.1
16666.3
16682.8
16705.9
16775.8
16786.0
16805.2
16835.4
16867.8
17000.0
17008.3
17050.8
17121.3
17177.5
17225.3
17226.4
17270.2
17327.8
17428.0
17513.5
17555.6
17615.5
17645.8
17773.1
17844.2
17933.6
18023.6
18177.7
18178.2
18275.2
18479.3
18484.0
18558.9
18761.8
18766.6
18797.4
18835.5
18841.9
18893.7
18908.0
18990.1
19036.0
19101.0
19138.4
19246.0
19276.1
19279.8
19299.1
19311.0
19393.0
19436.3
19502.5
19649.3
19710.4
19724.3
19735.3
19805.3
19848.5
19892.4
19895.1
19959.9
20038.2
20110.5
20166.7
20227.4
20246.3
20257.3
20266.2
20304.7
20433.9
20434.4
20594.9
20720.9
20777.2
20841.3
20843.3
20940.5
20967.6
20987.4
21030.3
21186.3
21250.1
21440.4
21518.1
21699.9
21704.0
21797.5
21847.2
21859.9
21881.0
21888.1
21922.4
21925.0
22044.4
22075.4
22217.4
22246.5
22270.6
22374.2
22476.4
22500.7
22501.7
22521.7
22522.4
22524.5
22533.3
22538.7
22662.5
22768.2
22885.7
22888.7
22978.9
23108.9
23117.1
23298.5
23345.4
23346.0
23454.9
23523.3
23664.8
23672.9
23812.0
23871.4
24123.7
24206.7
24214.1
24416.2
24516.3
24572.3
24732.0
24788.1
24796.5
24868.6
24883.5
24958.1
25031.9
25091.2
25165.7
25250.7
25398.2
25444.5
25548.7
25648.7
25658.2
26002.5
26143.2
26154.7
26230.9
26251.7
26330.4
26609.5
26614.3
26749.8
26864.1
26876.7
26947.2
27086.4
27126.7
27310.0
27326.0
27413.5
27431.5
27781.2
27935.5
28180.3
28347.8
28489.0
28505.1
28533.1
28675.9
28905.8
29001.9
29067.8
29072.3
29098.6
29168.7
29218.7
29563.3
29801.6
29806.4
29883.0
30004.0
30037.8
30049.2
30093.8
30109.5
30173.9
30243.0
30244.6
30307.8
30398.7
30570.3
30899.8
30982.3
31101.6
31127.7
31171.5
31243.0
31309.2
31353.9
31361.4
31397.2
31420.3
31480.3
31520.8
31650.5
31694.9
31783.6
31870.8
31899.8
32031.0
32332.9
32415.9
32540.6
32884.8
32975.8
33093.8
33149.2
33211.7
33239.1
33239.2
33388.2
33644.0
33826.7
34114.7
34320.1
34393.7
34420.3
34644.0
34799.4
34932.9
35053.9
35203.9
35279.1
35361.9
35562.2
35700.5
35721.0
35845.8
35945.3
36014.6
36067.2
36122.3
36125.3
36329.4
36526.8
36592.6
36630.2
36660.8
36753.3
36786.6
36860.7
37101.4
37215.7
37296.4
37304.4
37544.8
37608.4
37777.9
37883.2
37927.4
37960.5
38263.8
38318.0
38881.5
38962.4
38999.8
39196.8
39402.6
39485.0
39488.6
39506.6
39946.3
39958.2
40100.9
40163.1
40753.4
40795.5
40816.7
41079.2
41292.6
42064.9
42945.3
43094.4
43454.2
