1458.1
1458.4
1468.4
1491.8
1502.8
1504.7
1527.3
1529.9
1541.0
1549.5
1572.1
1572.8
1583.6
1584.8
1598.1
1600.0
1601.9
1609.6
1611.6
1612.7
1613.4
1624.8
1627.1
1629.1
1636.9
1650.9
1656.7
1659.1
1661.1
1662.9
1669.9
1683.5
1686.6
1691.5
1697.3
1697.5
1705.9
1708.5
1708.8
1722.2
1728.5
1737.6
1738.4
1741.2
1745.2
1755.3
1760.4
1760.7
1763.9
1769.0
1774.8
1776.0
1776.9
1785.1
1793.7
1794.4
1796.7
1798.0
1804.1
1813.1
1816.2
1818.7
1819.7
1825.6
1839.6
1840.1
1844.9
1860.6
1866.6
1869.5
1870.7
1879.4
1880.3
1885.3
1895.2
1898.4
1900.7
1906.5
1909.7
1911.2
1911.8
1913.5
1915.6
1922.6
1929.4
1929.5
1941.4
1943.7
1943.7
1945.8
1954.3
1954.9
1964.1
1967.3
1970.2
1971.0
1987.4
1997.7
2003.2
2004.5
2011.1
2011.9
2014.6
2024.5
2030.3
2032.4
2036.6
2048.9
2051.5
2055.1
2064.0
2078.0
2081.5
2094.2
2100.7
2107.5
2111.0
2111.5
2115.0
2119.3
2123.7
2146.1
2146.1
2155.3
2162.4
2166.2
2169.0
2170.0
2175.9
2176.8
2185.1
2186.8
2194.4
2196.4
2200.6
2204.1
2209.6
2212.1
2213.9
2220.2
2223.7
2223.9
2232.0
2235.6
2240.1
2242.1
2244.4
2245.8
2249.1
2254.4
2269.5
2271.3
2278.8
2279.7
2283.5
2292.5
2293.7
2296.3
2310.2
2317.9
2318.8
2322.3
2338.9
2342.1
2351.2
2363.4
2385.7
2396.2
2405.4
2409.0
2412.2
2418.0
2418.3
2430.8
2433.2
2434.2
2440.5
2452.8
2453.1
2456.9
2460.9
2482.6
2493.2
2495.4
2501.7
2501.8
2521.9
2524.8
2539.2
2541.6
2558.1
2567.2
2569.8
2573.6
2579.7
2582.3
2588.1
2588.8
2593.3
2596.1
2599.0
2599.4
2604.7
2616.9
2624.7
2626.1
2631.1
2632.9
2659.8
2661.3
2666.6
2677.9
2689.8
2698.6
2702.1
2719.1
2731.1
2735.3
2735.6
2737.8
2739.3
2742.3
2749.7
2753.4
2756.5
2760.4
2763.3
2763.6
2775.0
2783.3
2812.2
2812.8
2821.1
2823.4
2829.8
2834.1
2837.1
2839.6
2879.9
2890.5
2893.2
2895.4
2903.0
2909.6
2915.3
2919.6
2930.7
2938.6
2941.6
2944.8
2950.3
2953.0
2958.7
2962.0
2970.5
2975.3
2984.6
2985.7
2989.9
2997.3
3000.1
3001.1
3001.5
3005.2
3005.5
3010.6
3011.4
3013.5
3015.3
3026.1
3028.6
3073.3
3078.8
3086.2
3119.6
3143.1
3146.5
3150.3
3151.1
3159.2
3159.7
3166.6
3168.3
3172.2
3175.1
3178.6
3182.8
3206.9
3211.7
3212.4
3240.0
3257.5
3266.2
3268.0
3274.2
3284.9
3288.3
3291.8
3291.8
3302.3
3307.4
3321.3
3326.7
3328.5
3340.0
3358.6
3371.9
3383.0
3385.4
3419.4
3426.4
3456.5
3464.4
3465.7
3475.7
3479.8
3493.6
3500.0
3514.0
3519.4
3522.1
3522.3
3529.1
3540.7
3545.2
3570.3
3570.5
3584.1
3585.1
3585.1
3596.9
3600.7
3620.4
3696.4
3702.1
3709.5
3717.3
3723.1
3761.1
3773.0
3780.4
3795.4
3808.2
3840.5
3852.2
3853.1
3877.8
3906.5
3944.6
3957.7
3970.1
3979.1
3979.9
3991.4
3994.0
3998.4
4000.2
4006.5
4019.6
4040.1
4048.4
4081.9
4082.8
4096.1
4096.6
4126.2
4171.0
4183.0
4187.3
4202.3
4237.6
4251.0
4277.6
4284.2
4294.4
4323.0
4354.6
4359.7
4359.9
4379.7
4390.2
4399.3
4430.4
4447.5
4457.6
4465.0
4497.8
4502.6
4513.9
4514.8
4515.8
4535.9
4541.1
4541.9
4606.0
4611.5
4614.3
4618.8
4622.7
4629.4
4639.8
4656.0
4662.1
4721.1
4847.6
4848.2
4866.3
4877.7
4886.0
4891.4
4911.1
4913.0
4926.8
4950.3
4962.2
4974.5
4979.7
4985.8
5016.0
5031.7
5035.5
5038.4
5053.8
5060.2
5133.1
5198.3
5221.4
5242.6
5250.3
5276.8
5306.3
5318.1
5338.2
5417.6
5430.9
5437.5
5443.5
5450.2
5480.7
5501.6
5554.3
5653.3
5676.5
5690.2
5710.7
5723.8
5732.0
5767.3
5789.0
5789.0
5807.0
5815.1
5823.8
5850.8
5851.0
5867.0
5878.3
5917.4
5918.0
5919.4
5920.8
5941.7
5961.2
5966.7
6065.9
6068.1
6080.7
6101.8
6115.7
6132.5
6154.8
6165.5
6185.5
6194.5
6199.1
6202.9
6237.2
6257.6
6272.5
6303.7
6306.5
6394.6
6423.9
6432.2
6433.8
6438.7
6446.7
6499.5
6587.9
6595.6
6612.9
6656.8
6673.3
6681.4
6695.0
6738.5
6738.5
6742.6
6763.5
6793.2
6847.3
6864.8
6894.5
7022.2
7046.1
7085.3
7091.2
7121.1
7148.9
7247.1
7269.0
7299.7
7364.8
7421.1
7477.9
7509.4
7521.5
7530.1
7626.8
7633.6
7656.8
7661.5
7664.0
7674.7
7735.7
7752.9
7770.7
7809.3
7825.3
7841.0
7844.2
7858.5
7902.8
7905.7
7937.8
7949.1
7989.1
8054.4
8098.2
8146.3
8170.1
8178.1
8178.5
8202.8
8208.2
8214.1
8219.6
8250.1
8307.1
8313.7
8314.2
8315.1
8371.3
8388.1
8391.6
8445.8
8461.0
8528.6
8536.8
8549.4
8596.4
8729.8
8809.9
8815.0
8815.0
8906.4
9046.0
9050.4
9091.8
9116.3
9146.3
9332.4
9429.1
9463.4
9527.4
9588.7
9603.7
9620.6
9634.0
9648.4
9664.9
9757.4
9800.9
9836.6
9984.8
10023.0
10167.6
10173.6
10175.0
10201.6
10204.1
10320.0
10522.2
10545.7
10563.6
10618.2
10619.1
10625.1
10663.4
10733.9
10846.0
10877.0
10921.4
10980.1
11129.0
11135.0
11159.1
11244.5
11260.3
11264.4
11360.4
11400.9
11444.4
11455.7
11601.3
11617.5
11632.5
11676.1
11818.0
11863.3
11866.6
11886.9
11890.8
11945.2
11984.2
12053.8
12061.1
12207.1
12214.3
12245.7
12309.2
12320.0
12334.7
12445.9
12507.3
12616.5
12683.4
12685.6
12699.6
12722.2
12771.7
12827.0
12871.7
12894.8
12951.4
13037.4
13084.5
13261.6
13330.7
13475.5
13764.9
13928.0
13983.5
14265.9
14303.1
14344.8
14355.0
14361.6
14527.3
14626.5
14627.7
14638.7
14644.9
14766.9
14873.1
15002.0
15081.4
15083.8
15103.6
15114.3
15184.4
15186.4
15539.3
15553.1
15553.1
15559.4
15634.2
15663.5
15835.0
15841.6
15870.8
15892.4
16073.3
16076.0
16168.5
16214.0
16218.9
16248.5
16251.8
16479.6
16731.1
16893.9
16918.1
16953.3
17181.5
17360.1
17401.2
17567.7
17827.0
17886.1
17986.9
18034.6
18063.2
18090.6
18193.9
18231.8
18293.8
18368.1
18390.9
18409.1
18501.5
18547.6
18581.6
18638.0
18672.4
18747.3
18894.7
19148.0
19338.4
19472.2
19586.6
19587.9
19593.8
19635.2
19686.0
19889.7
19974.1
20058.3
20104.9
20106.6
20120.6
20254.8
20286.9
20374.6
20405.5
20439.3
20679.2
20874.2
20917.7
20949.0
21017.1
21044.9
21182.5
21413.6
22036.3
22053.8
22149.9
22221.9
22256.6
22296.8
22695.7
22728.3
22849.1
23271.3
23311.5
23488.6
23576.9
23722.0
24309.7
24434.1
24713.7
24719.3
24726.2
24816.7
24964.1
25096.6
25325.8
25342.3
25361.5
26002.4
26274.8
26435.4
26473.8
26610.5
26952.1
27166.2
27619.5
27648.8
28258.9
28316.8
28689.6
29160.2
29189.1
29274.3
29279.9
29504.8
29550.8
29675.1
29787.8
30370.7
30526.3
30602.8
30864.4
31005.9
31124.2
31277.9
31519.7
31934.3
32079.9
32295.2
32302.7
32317.5
32406.6
32542.6
33020.9
33112.7
33220.6
33756.8
34086.6
34190.3
34360.8
34524.6
35514.3
35866.0
35916.7
36255.6
36599.6
36798.9
36922.3
37162.3
37604.4
37702.3
37883.3
38445.9
39161.4
39509.4
39902.8
42229.8
42458.0
