1464.4
1581.6
1582.5
1609.3
1614.8
1616.0
1634.4
1636.7
1639.2
1640.8
1643.6
1643.7
1643.7
1648.3
1649.6
1654.7
1657.1
1670.1
1673.1
1679.6
1690.9
1712.2
1712.3
1717.9
1719.1
1719.9
1722.3
1725.2
1726.1
1728.1
1728.5
1729.6
1738.7
1751.9
1755.1
1761.8
1768.9
1775.0
1822.6
1823.5
1825.7
1827.6
1827.8
1849.6
1855.7
1860.5
1863.7
1867.4
1868.0
1893.9
1897.0
1900.9
1908.1
1909.7
1911.3
1914.5
1918.3
1925.6
1929.1
1935.1
1936.8
1959.6
1960.3
1960.6
1962.3
1963.5
1965.6
1977.6
1983.8
1988.2
1992.6
2004.3
2007.1
2008.9
2015.8
2015.8
2019.8
2021.6
2023.4
2045.9
2063.0
2087.0
2089.7
2093.6
2100.4
2108.7
2117.3
2117.7
2126.3
2151.5
2154.1
2160.7
2179.7
2182.1
2189.1
2211.0
2236.9
2240.3
2242.1
2250.7
2253.0
2253.2
2253.2
2261.2
2266.1
2269.4
2272.0
2283.7
2292.8
2305.6
2305.8
2306.3
2309.6
2311.2
2311.7
2322.5
2330.5
2332.6
2336.4
2336.7
2358.7
2358.7
2390.5
2392.1
2406.8
2422.7
2425.3
2426.7
2426.9
2435.1
2448.1
2458.1
2460.0
2461.2
2490.3
2505.9
2506.8
2518.2
2526.8
2533.4
2546.1
2549.6
2572.8
2579.9
2595.2
2607.6
2628.2
2629.9
2646.2
2646.8
2648.9
2667.8
2669.0
2670.9
2681.3
2700.6
2709.0
2720.7
2752.1
2758.4
2784.2
2801.8
2805.9
2821.1
2825.7
2835.0
2841.2
2844.4
2858.0
2864.9
2871.8
2872.8
2873.0
2877.2
2879.8
2882.9
2899.7
2908.1
2913.1
2930.8
2939.3
2939.6
2950.6
2966.9
2969.6
2972.3
2982.1
2996.5
3022.4
3031.4
3034.3
3052.3
3055.8
3059.1
3063.4
3070.1
3073.7
3097.2
3106.8
3108.1
3147.5
3161.3
3162.0
3162.1
3164.8
3168.0
3187.7
3191.6
3228.6
3230.4
3239.2
3244.9
3249.8
3251.7
3278.9
3303.6
3311.9
3319.7
3324.1
3334.6
3355.8
3386.3
3413.8
3424.4
3429.8
3437.2
3439.9
3457.6
3458.0
3479.9
3490.3
3492.7
3524.6
3540.4
3589.0
3589.0
3606.9
3637.1
3645.7
3693.5
3705.2
3711.4
3732.2
3741.8
3760.0
3761.4
3795.1
3851.6
3867.0
3887.7
3891.2
3891.4
3919.6
3926.7
3927.1
3947.8
3988.5
3994.4
3996.2
4006.7
4030.7
4036.2
4059.1
4141.2
4165.2
4218.7
4233.0
4241.7
4254.7
4273.6
4276.7
4296.7
4318.2
4365.5
4430.3
4449.0
4475.0
4487.1
4492.6
4515.3
4527.4
4579.7
4586.0
4619.3
4652.7
4735.2
4736.4
4746.8
4749.8
4767.2
4772.0
4796.4
4820.7
4847.4
4864.8
4876.1
4965.6
4975.6
5017.7
5021.7
5037.0
5065.2
5102.1
5107.7
5117.8
5178.8
5193.0
5196.0
5202.4
5255.0
5283.5
5289.9
5298.4
5320.7
5333.9
5343.2
5360.7
5361.5
5401.3
5415.2
5451.3
5508.7
5512.5
5522.0
5534.0
5541.6
5555.8
5561.9
5573.8
5594.9
5598.0
5607.6
5608.0
5633.7
5649.1
5739.6
5749.4
5817.2
5822.1
5838.3
5863.9
5875.8
5880.4
5908.9
5962.9
5999.0
6064.6
6070.5
6096.6
6121.9
6129.9
6164.0
6170.0
6191.7
6260.5
6292.1
6319.3
6368.8
6438.7
6450.6
6560.2
6590.7
6607.1
6615.7
6677.7
6709.2
6759.8
6773.4
6869.7
6911.5
6993.6
7029.3
7058.5
7071.3
7088.9
7094.3
7101.0
7114.7
7124.2
7169.8
7224.4
7286.9
7353.1
7363.9
7428.1
7499.5
7522.4
7544.2
7598.2
7742.5
7866.6
7873.0
7961.0
7991.9
8055.9
8059.7
8149.1
8182.8
8257.4
8340.2
8341.9
8363.8
8415.8
8420.1
8470.6
8502.2
8520.3
8549.6
8716.0
8747.4
8807.5
8890.1
8935.2
8975.6
8986.8
9149.7
9180.0
9206.5
9382.3
9382.3
9427.2
9487.2
9503.1
9524.8
9530.1
9532.8
9615.2
9697.7
9746.0
9814.3
9886.3
9969.5
9989.8
10044.1
10076.0
10115.0
10223.1
10263.2
10266.3
10266.9
10460.6
10592.1
10646.0
10713.4
10834.9
10938.6
11010.6
11084.1
11105.8
11184.8
11224.1
11264.2
11265.5
11291.8
11301.1
11422.3
11440.4
11552.0
11949.1
11968.1
11973.7
11984.2
11994.7
12030.4
12066.8
12186.3
12189.0
12222.4
12247.8
12297.0
12428.4
12549.9
12631.8
12644.7
12804.4
13015.0
13073.4
13188.8
13215.1
13237.8
13253.7
13273.4
13277.8
13338.1
13338.1
13413.3
13479.9
13498.9
13573.4
13641.9
13717.1
13909.0
14013.9
14132.9
14202.5
14258.9
14292.7
14312.3
14429.9
14529.9
14553.5
14639.2
14664.7
14860.2
14874.5
14882.1
15017.0
15047.5
15266.2
15289.6
15355.4
15558.8
15634.2
15721.5
15757.2
15974.6
15987.4
15987.4
16010.3
16036.8
16204.9
16315.2
16387.5
16390.1
16435.0
16462.7
16470.7
16471.8
16568.2
16573.7
17087.5
17111.9
17196.6
17420.1
17421.6
17470.8
17566.1
17687.2
17888.3
17961.9
18017.3
18245.1
18398.5
18464.7
18559.1
18559.1
18934.4
19076.1
19203.1
19708.0
19800.1
19832.5
19884.4
20138.6
20173.3
20235.0
20291.4
20443.1
20618.8
20760.3
20879.8
20979.2
21085.3
21187.6
21291.1
21610.1
21633.9
22034.3
22098.2
22391.5
22436.9
22718.8
23368.5
23519.6
23920.4
23976.4
24140.3
24364.4
24449.0
24821.7
25091.0
25478.1
25714.3
25808.9
25874.6
26450.5
27071.0
27929.4
28020.5
28232.9
28418.4
28886.6
28996.9
30485.8
30661.2
30945.7
32090.1
32478.6
32717.8
32847.4
32916.2
32917.5
32950.5
32954.3
33564.8
35095.7
35226.9
35290.2
35474.7
35634.5
35895.0
36427.8
37448.3
40223.9
45935.5
