1394.0
1419.4
1420.0
1426.3
1427.4
1429.5
1440.4
1455.3
1461.0
1462.3
1466.8
1468.0
1476.2
1489.5
1489.7
1492.5
1494.0
1494.1
1495.0
1496.3
1504.1
1509.5
1510.3
1512.0
1512.3
1516.7
1517.3
1522.0
1522.2
1525.0
1529.0
1531.5
1533.9
1539.2
1539.2
1540.6
1541.1
1542.3
1544.0
1551.1
1551.5
1552.4
1554.5
1555.2
1559.7
1565.1
1565.9
1567.5
1567.6
1568.3
1573.7
1579.2
1582.0
1582.1
1582.9
1583.3
1584.5
1586.4
1589.1
1589.2
1589.2
1591.2
1596.4
1597.1
1599.0
1599.3
1599.5
1601.4
1603.8
1606.1
1607.1
1608.5
1609.1
1611.7
1614.3
1615.1
1616.5
1617.6
1618.4
1618.6
1618.9
1619.3
1620.2
1621.6
1626.4
1628.7
1629.4
1629.6
1631.0
1631.3
1634.0
1634.6
1640.7
1641.7
1643.4
1644.7
1645.5
1649.3
1649.6
1650.5
1651.3
1652.0
1652.1
1652.3
1652.9
1652.9
1653.8
1654.1
1654.3
1654.3
1654.7
1657.0
1658.1
1658.3
1658.5
1659.4
1660.4
1663.4
1665.3
1667.2
1669.6
1669.6
1672.0
1672.0
1672.7
1674.7
1674.7
1675.9
1678.2
1678.4
1680.6
1682.3
1682.7
1683.0
1684.5
1684.7
1687.2
1687.4
1687.6
1691.2
1691.4
1692.9
1693.3
1695.0
1695.6
1695.7
1696.5
1697.1
1698.3
1698.5
1699.2
1699.3
1700.6
1702.4
1703.7
1704.1
1704.2
1704.7
1705.5
1706.7
1708.1
1709.4
1709.9
1710.2
1710.4
1710.4
1712.9
1714.4
1714.9
1715.5
1716.4
1718.3
1718.5
1719.5
1720.8
1723.7
1724.1
1724.2
1725.5
1726.1
1727.1
1727.6
1728.3
1729.0
1730.7
1732.2
1732.4
1732.7
1734.4
1735.2
1736.9
1738.4
1738.8
1739.9
1740.4
1742.0
1743.2
1743.8
1746.8
1746.9
1747.2
1749.1
1749.2
1753.1
1753.7
1754.4
1755.6
1756.7
1757.3
1757.4
1757.4
1759.0
1760.5
1760.7
1763.0
1763.1
1763.8
1764.3
1766.3
1769.3
1770.5
1771.2
1771.8
1771.9
1772.7
1773.0
1773.0
1775.2
1775.7
1776.8
1780.1
1780.4
1780.5
1784.8
1787.5
1788.4
1789.0
1790.1
1791.0
1791.0
1793.5
1793.9
1795.5
1795.5
1796.0
1799.9
1800.8
1801.6
1803.1
1806.3
1806.8
1807.6
1808.0
1809.6
1809.7
1810.1
1810.4
1810.5
1810.7
1811.6
1813.1
1813.2
1814.4
1815.9
1816.2
1818.6
1818.7
1819.6
1820.0
1820.3
1823.1
1823.5
1824.2
1824.6
1824.8
1825.7
1825.8
1826.9
1827.1
1827.7
1827.7
1828.6
1831.2
1831.3
1831.8
1832.7
1834.0
1834.1
1834.9
1835.0
1836.6
1837.0
1837.7
1838.2
1838.6
1838.6
1838.9
1839.1
1841.1
1841.2
1841.5
1842.2
1842.7
1845.3
1845.6
1846.0
1846.1
1846.5
1846.7
1847.3
1849.5
1849.9
1850.3
1852.0
1853.4
1854.0
1854.3
1854.5
1854.9
1855.4
1856.7
1857.7
1857.8
1857.9
1859.0
1859.2
1860.6
1861.0
1861.7
1863.0
1863.0
1864.1
1865.1
1865.5
1868.1
1868.8
1869.6
1870.4
1870.7
1871.2
1871.9
1872.3
1872.8
1873.4
1875.3
1875.5
1876.2
1877.2
1877.8
1879.2
1879.4
1880.2
1883.9
1884.5
1884.7
1884.8
1886.9
1887.2
1887.6
1888.5
1888.8
1889.0
1892.7
1893.1
1893.6
1893.7
1895.7
1896.0
1896.8
1897.5
1899.2
1899.2
1899.9
1904.1
1904.7
1906.3
1906.6
1906.8
1907.6
1908.4
1908.7
1909.2
1909.3
1910.1
1910.2
1910.5
1910.5
1910.8
1912.6
1912.8
1914.1
1914.3
1915.3
1916.0
1916.2
1919.3
1920.9
1921.4
1922.5
1923.0
1923.0
1923.6
1923.9
1924.5
1924.8
1925.0
1925.0
1925.4
1926.1
1928.3
1928.4
1929.3
1929.6
1932.1
1932.7
1939.4
1939.4
1941.2
1942.7
1944.1
1945.3
1947.1
1948.1
1948.4
1948.9
1949.0
1949.2
1949.3
1949.5
1949.6
1951.2
1952.7
1955.8
1956.6
1958.5
1960.1
1960.4
1963.3
1963.6
1964.2
1966.4
1967.0
1967.4
1967.5
1967.9
1968.4
1968.5
1970.3
1971.5
1973.9
1974.8
1976.3
1979.2
1980.0
1980.0
1981.9
1983.2
1983.3
1983.9
1984.8
1987.3
1989.2
1989.6
1989.6
1991.1
1991.4
1991.8
1992.4
1993.6
1994.3
1994.5
1998.4
1999.4
2000.2
2001.0
2001.7
2003.3
2003.8
2004.4
2004.9
2005.9
2006.6
2006.8
2007.9
2008.0
2009.5
2010.2
2011.0
2012.3
2013.3
2013.3
2015.3
2016.3
2018.0
2019.1
2019.9
2020.3
2021.5
2021.8
2022.3
2022.4
2023.6
2027.0
2028.6
2028.8
2030.0
2030.3
2031.6
2032.7
2034.2
2034.8
2036.1
2037.0
2037.6
2038.4
2040.2
2040.3
2041.9
2042.1
2042.6
2044.1
2045.0
2045.0
2046.3
2048.0
2049.7
2050.0
2051.9
2054.1
2056.3
2057.7
2058.7
2058.9
2059.0
2060.6
2061.0
2061.0
2062.5
2064.0
2064.9
2065.0
2065.2
2066.2
2066.9
2068.0
2069.1
2070.6
2070.7
2071.2
2072.5
2074.0
2075.2
2075.9
2076.0
2076.2
2076.6
2078.6
2078.8
2080.5
2082.9
2083.5
2083.7
2083.7
2084.0
2084.9
2086.8
2090.1
2092.8
2094.9
2095.4
2095.6
2095.6
2095.8
2095.9
2096.8
2096.9
2097.1
2097.5
2098.9
2098.9
2099.8
2101.3
2102.3
2104.1
2107.7
2108.2
2109.1
2109.3
2110.4
2111.4
2112.7
2112.7
2113.4
2113.7
2115.2
2115.8
2116.4
2117.8
2117.9
2121.3
2121.4
2123.3
2125.6
2126.0
2126.3
2127.2
2127.4
2128.7
2130.1
2132.3
2132.9
2135.4
2136.9
2136.9
2137.4
2138.6
2140.1
2140.6
2141.0
2141.5
2142.3
2144.2
2144.4
2144.5
2145.1
2146.9
2147.5
2148.2
2148.8
2151.2
2153.7
2155.4
2156.9
2158.3
2158.3
2158.6
2159.1
2160.0
2161.4
2161.7
2162.7
2164.2
2165.2
2165.9
2166.7
2168.5
2168.5
2169.4
2170.1
2170.4
2171.2
2171.4
2171.5
2172.2
2175.4
2176.0
2178.2
2180.7
2181.3
2182.1
2184.4
2186.0
2186.3
2186.9
2186.9
2187.2
2188.5
2189.6
2189.8
2190.0
2190.7
2192.9
2195.6
2195.7
2196.7
2197.1
2198.1
2202.1
2202.1
2203.1
2206.8
2209.6
2209.9
2212.1
2214.4
2214.6
2215.4
2215.9
2216.6
2216.7
2217.2
2219.3
2220.3
2222.6
2225.1
2225.9
2226.5
2226.7
2227.7
2227.8
2228.1
2229.0
2230.8
2232.5
2233.0
2234.1
2234.6
2236.7
2237.1
2238.1
2239.6
2243.4
2243.5
2247.2
2251.0
2252.6
2253.6
2256.1
2258.9
2259.8
2260.8
2261.2
2264.2
2265.3
2266.0
2266.4
2268.2
2269.3
2270.0
2272.6
2273.9
2274.8
2276.3
2277.6
2278.6
2280.0
2281.4
2283.4
2283.4
2283.5
2286.5
2288.7
2289.1
2289.8
2290.3
2291.7
2293.5
2304.4
2304.8
2309.2
2311.4
2313.6
2314.5
2316.0
2316.4
2316.6
2317.1
2318.7
2324.5
2325.5
2326.4
2326.9
2327.7
2328.4
2328.9
2331.5
2332.1
2333.5
2334.0
2336.3
2336.3
2339.0
2339.6
2340.1
2340.1
2343.3
2344.0
2344.9
2345.3
2345.5
2346.9
2348.1
2348.8
2349.0
2349.7
2352.1
2352.6
2352.9
2353.0
2355.9
2356.7
2358.3
2359.2
2359.2
2362.3
2364.0
2364.5
2365.9
2367.9
2368.6
2370.3
2370.5
2371.1
2372.1
2372.8
2373.6
2373.9
2375.0
2375.1
2380.1
2380.3
2380.4
2384.3
2384.9
2385.5
2387.0
2387.1
2387.9
2388.3
2389.2
2391.3
2391.4
2392.7
2392.9
2393.1
2393.1
2395.7
2396.5
2399.8
2402.2
2402.6
2403.1
2405.2
2406.0
2406.7
2407.8
2407.9
2409.2
2415.7
2415.8
2416.4
2417.2
2417.8
2418.1
2419.2
2419.6
2420.9
2421.9
2425.4
2425.6
2425.6
2426.7
2426.9
2427.4
2427.8
2428.1
2428.9
2429.0
2429.6
2429.7
2430.3
2432.7
2433.5
2433.7
2433.9
2434.3
2434.8
2436.5
2436.9
2437.0
2437.4
2440.7
2441.0
2442.1
2442.3
2448.5
2450.7
2450.7
2454.5
2455.5
2455.8
2456.5
2457.5
2458.1
2461.4
2465.0
2465.4
2466.1
2466.2
2466.4
2467.1
2467.4
2468.9
2471.4
2472.6
2473.1
2473.9
2475.7
2476.1
2479.0
2482.5
2484.6
2485.6
2486.5
2491.9
2492.7
2494.8
2494.8
2497.2
2498.7
2499.7
2500.4
2500.7
2501.2
2502.0
2504.2
2507.1
2511.4
2512.3
2513.6
2514.0
2515.4
2517.7
2518.6
2519.5
2519.9
2524.7
2524.9
2526.1
2526.2
2528.3
2532.5
2533.2
2533.6
2537.8
2538.2
2539.4
2540.4
2541.6
2541.9
2543.5
2544.6
2551.0
2551.9
2554.2
2554.7
2559.0
2565.4
2566.7
2568.0
2568.9
2570.0
2572.2
2574.5
2575.1
2580.1
2580.2
2585.3
2586.5
2589.0
2589.1
2589.9
2590.6
2590.7
2591.0
2591.1
2591.2
2593.4
2594.3
2598.5
2600.5
2601.0
2602.6
2603.3
2604.7
2606.9
2609.4
2609.6
2610.1
2611.9
2612.1
2612.9
2613.3
2615.4
2616.1
2618.4
2618.4
2619.2
2621.0
2627.2
2627.3
2628.9
2630.2
2631.4
2632.9
2632.9
2634.4
2635.9
2636.6
2636.8
2637.2
2640.7
2642.1
2643.3
2643.5
2645.0
2645.6
2648.1
2648.3
2649.0
2650.2
2652.9
2653.4
2655.6
2657.6
2658.8
2659.8
2661.0
2664.4
2664.8
2664.9
2666.6
2668.2
2668.8
2669.0
2671.9
2673.0
2675.2
2679.1
2681.8
2682.0
2683.2
2683.4
2685.6
2686.4
2689.0
2689.5
2689.9
2690.4
2690.9
2691.6
2691.8
2694.1
2695.0
2695.2
2695.2
2695.6
2695.8
2696.5
2696.7
2696.8
2698.3
2704.1
2706.9
2707.9
2708.8
2712.3
2713.3
2714.9
2716.5
2719.6
2719.6
2720.7
2721.5
2723.6
2723.7
2725.0
2728.3
2730.3
2730.7
2731.5
2732.5
2734.4
2735.3
2738.6
2748.6
2748.8
2749.8
2750.3
2752.5
2755.6
2758.6
2759.6
2759.8
2761.5
2762.4
2764.5
2764.6
2764.6
2765.1
2765.3
2765.8
2767.1
2768.1
2768.4
2768.5
2769.4
2771.5
2774.8
2779.9
2780.3
2782.8
2785.4
2785.7
2785.9
2790.0
2790.8
2792.4
2792.5
2793.2
2793.8
2794.0
2794.5
2795.3
2796.4
2804.0
2806.6
2807.6
2812.0
2814.0
2816.2
2817.0
2818.0
2818.2
2822.0
2824.0
2824.7
2828.5
2830.6
2831.5
2831.8
2835.8
2838.8
2842.8
2842.8
2843.8
2845.4
2847.4
2847.5
2848.8
2855.1
2857.1
2858.6
2859.6
2860.3
2863.4
2864.6
2864.6
2864.9
2870.9
2874.9
2875.4
2877.0
2877.6
2879.4
2879.4
2879.5
2880.6
2882.8
2886.8
2892.6
2896.4
2896.5
2898.2
2899.2
2900.9
2901.0
2903.2
2903.9
2904.1
2905.4
2907.2
2909.0
2910.0
2910.9
2911.8
2914.8
2922.3
2928.2
2928.7
2930.2
2935.8
2936.1
2939.2
2940.6
2941.5
2946.9
2948.0
2950.1
2950.3
2950.3
2953.0
2954.6
2955.1
2955.5
2955.6
2957.9
2962.2
2963.7
2964.1
2964.7
2965.4
2967.1
2967.5
2969.0
2973.1
2975.1
2976.1
2978.6
2981.5
2983.3
2983.4
2986.4
2986.6
2986.6
2987.9
2988.4
2988.6
2988.7
2990.3
2991.5
2997.5
2999.4
3003.0
3004.5
3005.8
3006.2
3007.0
3007.6
3012.8
3014.3
3016.1
3017.3
3017.8
3018.2
3018.2
3020.6
3026.6
3039.0
3039.7
3039.8
3043.2
3046.5
3048.6
3049.1
3051.4
3051.6
3051.7
3053.2
3053.4
3054.0
3054.8
3058.7
3063.7
3065.7
3072.6
3073.2
3076.8
3077.2
3080.3
3085.7
3086.4
3086.4
3092.4
3095.5
3095.5
3097.5
3100.1
3103.0
3103.3
3106.0
3109.3
3111.6
3113.6
3117.9
3119.3
3120.6
3120.8
3122.0
3122.2
3123.0
3123.1
3127.6
3128.5
3129.4
3130.4
3130.5
3135.6
3139.5
3143.7
3143.9
3144.0
3145.9
3146.3
3146.7
3146.8
3146.9
3150.9
3153.7
3163.1
3167.8
3171.4
3177.6
3177.7
3183.5
3185.3
3187.1
3188.6
3188.9
3191.3
3197.8
3202.4
3202.9
3203.9
3204.4
3206.8
3207.2
3208.6
3210.6
3213.5
3213.7
3214.2
3216.0
3216.1
3216.1
3218.7
3223.5
3225.1
3236.8
3237.8
3240.0
3241.7
3242.0
3243.0
3245.3
3248.2
3251.3
3253.4
3255.1
3255.9
3255.9
3257.5
3257.8
3260.1
3261.2
3261.6
3265.4
3265.6
3266.1
3266.9
3267.5
3270.6
3270.8
3271.2
3271.7
3273.3
3274.7
3274.9
3279.9
3281.9
3285.1
3286.3
3288.7
3290.0
3295.3
3297.1
3298.4
3302.8
3304.2
3304.8
3306.5
3310.0
3313.4
3317.6
3318.3
3321.4
3321.7
3330.8
3332.0
3333.0
3336.3
3337.7
3338.4
3342.3
3342.4
3346.1
3347.1
3347.9
3348.5
3349.5
3350.7
3351.9
3352.4
3357.7
3360.0
3362.2
3363.8
3364.5
3365.5
3373.1
3378.4
3384.3
3384.8
3389.1
3392.5
3394.6
3395.1
3395.2
3396.6
3396.7
3399.7
3406.7
3407.2
3408.2
3415.0
3417.5
3418.9
3420.1
3433.2
3434.2
3438.6
3441.8
3446.1
3446.7
3447.7
3448.1
3448.3
3449.1
3451.5
3455.4
3455.6
3457.8
3460.1
3462.5
3462.8
3463.0
3463.5
3464.9
3468.7
3468.8
3477.0
3479.8
3481.5
3481.7
3490.2
3495.0
3498.8
3500.1
3503.8
3503.8
3505.9
3512.6
3512.9
3513.8
3514.2
3514.9
3518.6
3520.8
3523.0
3523.7
3525.5
3533.2
3533.4
3534.7
3537.8
3541.7
3543.5
3546.5
3549.4
3556.1
3557.1
3558.5
3558.7
3563.3
3563.5
3570.2
3572.4
3573.1
3575.6
3576.2
3577.1
3578.6
3579.6
3581.8
3585.3
3585.4
3585.7
3587.9
3598.0
3602.2
3603.6
3606.9
3609.0
3610.0
3612.2
3612.4
3613.9
3616.7
3616.8
3618.1
3620.8
3621.6
3621.8
3623.1
3625.1
3626.9
3627.6
3640.7
3643.1
3643.8
3645.8
3646.9
3648.2
3649.5
3650.8
3651.4
3651.7
3653.4
3661.2
3663.0
3663.4
3664.4
3666.4
3666.8
3671.5
3671.8
3674.7
3675.1
3679.5
3683.3
3686.6
3689.8
3694.5
3695.1
3695.4
3699.7
3700.6
3706.4
3710.2
3720.6
3721.0
3723.7
3728.1
3728.2
3728.5
3728.9
3730.7
3737.6
3738.4
3740.0
3743.0
3745.0
3745.2
3748.4
3753.6
3755.2
3761.7
3762.5
3763.2
3764.4
3766.4
3766.5
3770.3
3770.8
3775.6
3775.7
3778.7
3780.1
3785.5
3788.3
3795.1
3802.1
3803.3
3805.0
3809.7
3819.3
3824.5
3827.0
3829.8
3830.5
3830.6
3835.5
3836.1
3840.5
3841.0
3841.8
3844.4
3846.7
3847.7
3854.9
3854.9
3855.8
3857.8
3860.4
3866.0
3866.3
3868.9
3869.1
3869.7
3870.4
3875.3
3885.1
3886.4
3894.3
3896.5
3897.2
3900.7
3901.6
3903.0
3905.2
3905.3
3906.5
3907.5
3911.4
3918.7
3920.3
3923.4
3926.5
3927.8
3933.1
3933.1
3933.8
3934.4
3939.7
3942.1
3944.1
3948.6
3950.1
3956.2
3959.9
3960.8
3961.3
3965.3
3966.2
3967.1
3967.4
3974.2
3977.8
3978.9
3979.2
3981.0
3984.3
3985.7
3992.7
3996.2
3999.6
4002.0
4002.6
4007.7
4011.8
4012.2
4012.3
4014.8
4019.9
4022.2
4023.4
4026.6
4040.2
4040.6
4044.3
4045.2
4045.7
4049.2
4053.6
4056.4
4066.5
4069.7
4073.7
4073.9
4075.7
4075.8
4079.1
4081.9
4100.9
4101.3
4103.7
4113.9
4115.5
4124.1
4126.4
4126.5
4130.4
4132.3
4136.3
4139.6
4145.8
4146.8
4147.6
4149.8
4154.0
4155.6
4161.3
4161.3
4162.2
4164.9
4169.2
4171.5
4179.1
4180.2
4191.6
4193.1
4193.3
4193.3
4193.8
4194.7
4195.7
4198.1
4205.4
4219.9
4222.5
4223.3
4224.9
4226.4
4232.8
4238.2
4247.1
4247.2
4248.5
4252.8
4255.0
4257.8
4264.3
4275.1
4286.1
4286.3
4288.0
4288.6
4296.6
4303.7
4308.0
4309.5
4312.1
4315.1
4317.0
4325.8
4331.6
4336.9
4337.6
4339.2
4339.2
4340.7
4342.2
4342.7
4347.1
4349.8
4350.1
4350.1
4350.1
4350.8
4351.6
4352.8
4355.8
4365.8
4371.8
4372.3
4373.5
4376.9
4382.2
4388.4
4390.4
4401.0
4409.9
4410.7
4413.1
4413.8
4417.5
4420.7
4427.7
4430.1
4435.0
4437.8
4439.6
4441.6
4442.8
4446.5
4455.0
4455.5
4456.9
4457.3
4458.5
4461.9
4468.2
4470.5
4471.4
4475.7
4479.1
4485.0
4486.0
4501.3
4506.7
4510.8
4515.3
4516.2
4517.6
4520.0
4529.1
4531.1
4537.5
4540.9
4543.1
4544.0
4545.3
4550.1
4555.2
4558.4
4563.9
4564.7
4573.5
4574.7
4575.5
4576.2
4578.5
4585.0
4599.6
4609.0
4619.3
4621.5
4623.4
4628.1
4632.0
4635.1
4648.4
4649.7
4656.3
4657.2
4665.2
4687.9
4692.4
4706.9
4716.4
4721.3
4725.9
4732.6
4735.0
4737.6
4742.1
4742.7
4751.7
4754.0
4757.8
4757.9
4764.5
4770.3
4772.2
4776.4
4789.2
4798.8
4799.1
4803.3
4812.3
4813.3
4813.9
4815.5
4816.1
4819.4
4819.7
4822.1
4827.1
4829.0
4830.4
4833.0
4838.2
4846.7
4867.1
4870.7
4883.5
4883.7
4883.8
4888.0
4889.6
4897.0
4899.7
4901.2
4903.8
4907.1
4908.0
4908.7
4908.9
4910.5
4912.9
4913.8
4916.9
4927.1
4928.7
4930.7
4931.4
4937.0
4953.5
4954.8
4957.9
4974.1
4987.7
5000.7
5001.3
5001.6
5009.9
5009.9
5014.9
5015.8
5021.0
5026.7
5039.5
5041.4
5051.5
5056.4
5058.0
5061.4
5061.6
5063.3
5072.2
5076.7
5078.7
5082.7
5087.7
5090.5
5092.1
5093.8
5101.4
5101.7
5102.2
5102.9
5138.9
5141.0
5143.1
5147.6
5148.4
5165.5
5170.2
5170.5
5178.5
5182.4
5185.1
5189.0
5194.8
5195.9
5211.0
5213.2
5214.7
5224.0
5230.5
5240.3
5240.8
5250.8
5255.4
5263.7
5267.6
5268.5
5282.2
5282.7
5291.8
5293.2
5299.1
5301.7
5306.0
5317.9
5324.4
5325.2
5325.7
5329.9
5334.9
5337.8
5340.4
5344.1
5361.0
5372.3
5374.0
5375.2
5376.9
5380.8
5386.9
5396.1
5397.7
5410.2
5427.7
5430.1
5434.5
5441.6
5454.3
5464.1
5465.7
5470.3
5475.3
5488.8
5491.3
5494.2
5496.2
5500.4
5500.4
5506.5
5514.5
5520.7
5521.1
5531.2
5537.2
5542.0
5544.3
5547.0
5554.8
5568.1
5570.8
5570.9
5575.0
5579.6
5581.6
5585.7
5588.3
5598.1
5601.7
5602.4
5604.5
5613.5
5642.0
5643.9
5649.6
5651.6
5661.5
5662.0
5662.2
5664.6
5665.1
5674.3
5674.3
5676.0
5683.6
5687.5
5687.9
5694.5
5703.1
5706.5
5711.5
5730.1
5745.0
5746.9
5753.9
5756.4
5760.2
5760.9
5769.9
5775.2
5780.1
5789.9
5798.6
5799.3
5805.2
5837.0
5849.3
5868.0
5874.3
5880.1
5883.4
5885.3
5887.9
5891.2
5891.2
5891.5
5891.6
5892.8
5898.4
5909.3
5911.8
5912.7
5923.9
5930.5
5946.4
5948.4
5966.3
5993.9
5994.7
5996.3
6008.7
6011.0
6011.5
6043.7
6044.1
6052.5
6059.9
6073.0
6073.5
6075.6
6078.0
6080.0
6097.9
6104.9
6109.8
6113.5
6117.2
6131.3
6137.2
6137.7
6139.5
6142.9
6164.4
6179.6
6179.8
6200.1
6204.8
6217.5
6218.4
6224.0
6227.2
6229.0
6230.6
6240.9
6246.5
6248.2
6254.2
6257.2
6261.1
6261.3
6264.9
6281.8
6311.5
6316.9
6322.2
6328.4
6332.3
6335.2
6343.5
6362.6
6362.6
6368.2
6371.5
6375.1
6385.4
6386.7
6387.7
6404.1
6421.4
6458.3
6473.2
6475.7
6482.9
6493.6
6494.2
6505.9
6517.0
6522.1
6552.5
6563.0
6565.3
6569.4
6573.9
6588.7
6594.9
6609.6
6625.8
6634.2
6645.3
6661.3
6667.1
6667.8
6669.7
6671.2
6671.8
6673.3
6691.0
6691.2
6708.4
6719.9
6735.4
6737.2
6743.4
6744.4
6745.3
6749.1
6753.4
6769.0
6779.2
6780.1
6784.6
6802.2
6803.4
6813.6
6817.1
6818.4
6849.7
6866.9
6869.2
6885.2
6890.7
6895.4
6897.6
6899.2
6903.2
6917.8
6920.2
6937.0
6948.6
6951.2
6961.0
6974.8
6981.9
6986.8
6997.0
7020.1
7024.7
7025.4
7025.4
7031.4
7050.0
7056.2
7056.7
7061.7
7062.6
7064.7
7067.5
7073.9
7082.3
7082.5
7088.8
7091.9
7102.0
7113.0
7136.2
7136.9
7150.6
7155.5
7178.7
7181.8
7182.9
7188.9
7189.4
7194.0
7206.2
7206.8
7209.3
7211.7
7215.3
7258.5
7272.0
7274.8
7278.6
7295.3
7304.4
7308.3
7308.6
7311.2
7319.5
7322.8
7325.6
7340.0
7340.4
7355.0
7367.9
7368.7
7370.4
7388.7
7405.3
7405.6
7416.5
7422.3
7422.9
7450.6
7453.2
7473.6
7479.9
7504.9
7514.7
7515.1
7522.1
7529.3
7530.2
7540.2
7543.8
7559.7
7568.6
7569.9
7574.2
7581.3
7605.1
7607.9
7608.9
7622.3
7629.3
7640.2
7658.8
7700.1
7703.6
7705.1
7726.7
7740.0
7742.3
7743.3
7749.5
7765.4
7774.7
7794.7
7799.1
7801.6
7818.8
7829.0
7835.8
7839.3
7845.6
7854.2
7855.5
7874.6
7880.2
7886.2
7888.0
7924.6
7939.8
7942.7
7947.6
7948.4
7958.4
7958.5
8018.9
8022.4
8026.9
8064.6
8078.5
8086.4
8105.1
8110.0
8137.0
8144.5
8155.0
8167.7
8182.8
8189.9
8216.2
8228.1
8238.2
8238.8
8253.9
8264.5
8267.9
8269.0
8272.2
8272.7
8276.7
8279.9
8280.6
8302.4
8305.6
8325.6
8328.3
8350.6
8355.2
8362.5
8363.1
8364.6
8367.3
8375.7
8386.0
8391.5
8403.6
8414.3
8432.7
8439.8
8442.4
8451.2
8459.2
8475.7
8478.9
8484.2
8507.2
8510.8
8511.8
8519.4
8526.6
8536.3
8544.8
8554.3
8557.3
8563.5
8565.5
8581.3
8587.5
8597.6
8610.8
8642.9
8649.9
8655.7
8686.7
8698.8
8706.0
8713.7
8726.7
8734.9
8766.8
8776.7
8780.1
8789.6
8814.0
8815.0
8820.8
8847.7
8866.4
8871.6
8873.1
8889.5
8897.0
8910.1
8914.2
8914.4
8938.2
8943.0
8965.7
8967.3
8967.7
8977.9
8977.9
9005.4
9014.3
9019.3
9036.5
9054.3
9079.3
9092.4
9096.8
9097.2
9125.8
9126.8
9139.7
9152.6
9155.2
9157.0
9179.7
9189.9
9211.7
9223.0
9231.2
9251.6
9266.5
9270.1
9282.6
9306.6
9317.4
9318.8
9333.5
9339.0
9341.8
9373.8
9384.1
9392.7
9394.4
9412.1
9414.8
9415.6
9433.8
9463.0
9463.0
9468.5
9490.0
9490.8
9500.7
9502.2
9504.1
9527.4
9549.1
9549.2
9551.4
9557.2
9562.7
9577.8
9587.0
9595.9
9602.1
9609.8
9631.9
9639.9
9684.5
9689.8
9718.0
9728.4
9747.4
9754.2
9755.0
9759.2
9759.7
9764.9
9775.9
9788.2
9789.4
9803.0
9809.9
9819.8
9831.5
9838.4
9851.5
9852.8
9888.1
9911.5
9921.6
9937.2
9958.0
9977.1
9981.9
10004.0
10028.4
10036.9
10038.8
10045.1
10077.7
10100.8
10126.0
10138.8
10158.1
10160.4
10196.2
10204.5
10209.4
10227.7
10241.1
10276.3
10281.8
10286.7
10288.7
10305.7
10312.5
10320.8
10320.8
10345.1
10352.3
10368.3
10417.0
10437.4
10446.3
10453.6
10494.7
10494.7
10530.4
10532.1
10532.6
10561.4
10574.3
10583.6
10609.9
10610.3
10615.0
10635.9
10635.9
10686.2
10690.9
10705.5
10709.9
10713.3
10724.8
10726.8
10737.1
10741.1
10783.6
10785.8
10816.4
10823.6
10902.8
10910.7
10921.4
10958.1
10962.1
10986.9
11007.5
11021.9
11058.7
11062.0
11106.7
11123.0
11161.0
11161.7
11163.5
11176.2
11184.7
11185.5
11189.6
11206.8
11214.1
11233.5
11236.0
11259.7
11271.4
11273.3
11309.0
11318.1
11327.8
11329.6
11330.8
11334.6
11342.4
11352.4
11359.4
11365.2
11396.0
11399.0
11399.1
11406.0
11455.3
11473.0
11489.1
11489.6
11531.0
11533.8
11563.8
11581.8
11585.6
11593.0
11594.3
11602.6
11607.9
11612.6
11612.6
11656.4
11676.1
11695.6
11699.9
11706.6
11726.4
11732.6
11742.3
11756.1
11759.0
11781.9
11793.3
11800.7
11813.3
11840.3
11846.8
11847.6
11857.0
11858.0
11860.4
11868.8
11882.5
11890.0
11891.1
11893.2
11903.1
11948.6
11981.8
12004.4
12005.8
12009.8
12036.7
12041.8
12041.9
12045.4
12046.9
12049.1
12080.7
12085.7
12091.3
12104.1
12112.3
12116.4
12143.1
12211.5
12214.9
12237.5
12244.1
12260.0
12277.3
12317.8
12390.0
12396.1
12402.7
12442.3
12452.4
12475.3
12486.6
12512.8
12560.2
12563.9
12564.6
12565.1
12583.4
12607.4
12614.0
12621.9
12631.9
12643.1
12646.4
12646.4
12653.0
12676.1
12683.5
12711.3
12739.4
12769.0
12772.8
12778.3
12778.8
12793.1
12808.4
12814.2
12847.0
12912.5
12951.4
12958.4
12975.6
13013.0
13047.5
13060.2
13131.6
13132.2
13144.2
13149.1
13151.6
13158.0
13158.4
13159.4
13160.8
13178.6
13185.5
13210.8
13277.9
13292.2
13345.6
13388.1
13391.2
13426.7
13433.8
13463.4
13506.2
13519.5
13526.2
13560.3
13574.3
13594.8
13596.4
13596.8
13610.6
13619.1
13642.1
13645.4
13659.8
13671.9
13684.4
13685.3
13692.5
13711.0
13715.9
13719.9
13736.6
13741.8
13744.5
13772.9
13779.1
13811.3
13827.5
13830.2
13871.1
13880.7
13918.9
13957.4
13979.3
14005.6
14042.3
14053.6
14060.7
14067.7
14097.9
14104.2
14144.9
14203.8
14216.2
14219.2
14298.5
14300.9
14308.1
14315.7
14336.1
14342.9
14394.5
14414.6
14442.8
14544.4
14551.8
14556.4
14573.0
14651.1
14652.4
14659.0
14672.1
14704.4
14727.7
14769.7
14802.1
14820.8
14935.9
14938.3
15002.3
15008.5
15031.5
15044.0
15156.6
15174.5
15202.5
15213.3
15266.3
15284.6
15295.6
15314.2
15330.8
15361.5
15386.1
15397.5
15420.5
15420.5
15432.5
15459.5
15490.6
15490.6
15559.6
15560.1
15572.7
15629.6
15662.9
15721.9
15745.7
15759.8
15785.5
15829.0
15857.4
15858.7
15947.1
15957.5
16049.8
16081.8
16094.2
16127.8
16210.9
16219.0
16261.7
16279.9
16313.4
16320.6
16337.1
16345.1
16364.1
16398.1
16407.4
16441.8
16529.9
16533.8
16541.0
16590.9
16611.8
16645.9
16740.3
16743.2
16755.1
16770.3
16778.7
16795.4
16956.8
16958.1
17083.2
17116.1
17200.5
17200.8
17221.9
17244.0
17244.0
17275.9
17297.5
17306.9
17355.3
17379.7
17397.2
17436.2
17540.3
17571.0
17616.4
17644.0
17667.9
17691.4
17700.5
17722.3
17736.1
17783.7
17803.2
17833.5
17836.8
17921.9
17942.9
17956.1
17980.6
17984.3
18006.2
18037.2
18070.5
18086.3
18088.5
18230.5
18234.1
18286.7
18309.9
18336.8
18339.8
18346.9
18365.9
18380.9
18439.7
18440.0
18489.1
18505.4
18534.7
18545.6
18667.0
18760.9
18801.5
18934.7
19035.3
19135.4
19272.0
19288.6
19370.2
19382.4
19391.1
19453.8
19473.4
19513.8
19577.4
19580.4
19611.6
19613.0
19651.6
19693.5
19699.0
19742.4
19755.6
19768.9
19803.5
19826.7
19862.4
19948.0
19981.1
19990.2
19994.1
19999.8
20019.0
20118.5
20158.6
20180.3
20181.8
20213.3
20213.3
20241.6
20271.3
20291.8
20332.9
20355.6
20536.2
20809.8
20817.2
20930.7
20966.5
21087.6
21115.9
21131.4
21176.4
21196.9
21240.9
21271.6
21498.5
21520.6
21520.6
21627.9
21648.4
21818.6
21833.3
22028.2
22075.6
22107.3
22398.6
22559.5
22568.0
22691.9
22732.6
22756.6
22805.6
22997.3
23033.3
23089.7
23097.6
23238.1
23244.4
23331.9
23421.3
23421.3
23610.2
23620.8
23660.1
23684.4
23780.9
23800.7
23893.2
24064.9
24072.0
24161.1
24196.7
24318.1
24451.8
24499.1
24601.8
24669.9
24714.6
24729.1
25281.3
25292.7
25351.2
25359.3
25445.8
25627.9
25670.7
25836.1
26134.2
26184.5
26200.4
26359.8
26601.7
26658.3
26757.9
26787.3
26884.2
27100.4
27548.2
27681.9
27685.6
27902.6
28276.4
28337.3
28420.1
28493.3
28834.8
28926.5
29017.3
29018.9
29107.7
29316.5
29595.8
29603.9
29650.8
29899.1
30086.1
30247.5
30445.0
30491.5
30582.4
30603.0
30677.9
30797.6
30884.5
31000.3
31018.7
31090.4
31169.3
31171.7
31367.5
31367.7
31561.0
32045.3
32134.1
32154.1
32730.5
32839.1
33082.8
33155.3
33307.8
33321.9
33686.7
34117.4
34458.8
34698.3
34749.6
34845.9
34966.7
34986.9
34988.5
35593.5
35813.3
35844.9
36004.5
36074.5
36142.3
36158.0
36293.7
36354.0
36719.2
36804.0
37034.4
37576.2
37615.2
37617.6
37720.6
38035.3
38085.8
38178.3
38733.3
38746.7
38761.5
39015.2
39849.7
41372.9
