1506.9
1516.8
1556.7
1563.9
1594.9
1612.5
1620.7
1640.6
1647.3
1658.3
1660.7
1700.9
1702.2
1726.2
1730.4
1740.2
1769.9
1771.4
1773.3
1785.5
1786.2
1800.4
1803.0
1822.5
1830.9
1833.0
1837.3
1856.2
1856.8
1860.4
1862.1
1862.7
1874.7
1885.0
1893.3
1901.0
1904.9
1908.0
1908.4
1908.7
1912.5
1918.7
1920.2
1922.3
1922.5
1933.4
1934.7
1939.6
1939.9
1944.6
1955.3
1973.8
1979.5
1981.1
1987.5
1991.5
1993.5
1995.0
2008.3
2009.7
2025.6
2046.1
2056.8
2067.4
2068.4
2073.6
2089.3
2095.4
2095.4
2096.2
2096.6
2107.5
2118.2
2146.7
2151.3
2162.0
2163.5
2183.8
2231.3
2237.7
2238.6
2239.4
2247.0
2265.1
2266.2
2288.0
2296.9
2300.7
2312.0
2314.5
2316.8
2319.1
2334.7
2342.3
2367.6
2367.7
2374.9
2389.4
2398.8
2424.9
2426.5
2432.0
2440.4
2447.8
2455.5
2466.0
2480.1
2485.9
2491.5
2501.0
2537.6
2561.9
2563.0
2576.7
2588.8
2629.3
2632.7
2632.8
2656.8
2667.8
2691.6
2694.5
2716.8
2718.9
2723.8
2727.3
2765.3
2765.5
2769.8
2814.1
2816.6
2822.0
2829.7
2857.5
2867.4
2875.8
2878.1
2878.3
2917.0
2917.2
2930.4
2953.1
2968.9
2972.4
2977.1
2991.5
2991.5
3005.7
3008.9
3023.6
3054.5
3084.9
3109.2
3114.4
3115.9
3152.1
3228.8
3261.8
3278.0
3292.2
3341.8
3347.3
3353.1
3369.8
3383.4
3402.4
3415.2
3435.9
3437.6
3439.2
3455.6
3467.8
3481.9
3516.1
3520.7
3533.5
3545.4
3565.5
3600.3
3607.3
3620.5
3658.6
3728.2
3858.0
3875.9
3955.3
3957.2
3972.8
4002.5
4061.9
4063.3
4084.6
4089.8
4118.7
4172.4
4192.4
4201.0
4213.2
4217.6
4231.2
4236.0
4240.1
4253.7
4292.4
4296.0
4298.7
4349.5
4351.9
4381.2
4421.7
4430.9
4449.9
4510.5
4513.9
4525.7
4541.7
4718.2
4762.5
4774.4
4793.6
4827.9
4873.1
4886.9
4888.9
4893.7
5030.3
5077.5
5083.3
5113.6
5120.4
5162.9
5193.3
5221.7
5279.9
5285.1
5285.8
5301.3
5348.0
5491.8
5491.8
5544.0
5646.9
5653.3
5677.7
5748.1
5762.9
5806.4
5836.1
5840.1
5852.4
5888.8
5890.6
5918.3
6057.7
6073.4
6078.2
6135.0
6216.3
6257.4
6295.8
6298.9
6403.8
6481.9
6509.3
6658.7
6669.8
6712.5
6788.1
6925.4
6933.9
6978.7
6982.5
7038.0
7126.7
7196.4
7221.4
7223.8
7251.3
7363.2
7437.4
7752.9
8048.6
8103.0
8445.0
8446.6
8463.3
8488.7
8685.1
8797.1
8813.6
8883.7
8936.1
9140.9
9406.7
9457.1
9457.1
9597.3
9614.4
9699.5
9798.7
9825.3
9907.3
10198.5
10790.6
10843.0
10859.9
11015.1
11084.2
11116.9
11196.3
11304.4
11338.1
11376.5
11393.9
11410.4
11508.6
11658.8
12073.4
12163.5
12306.5
12337.7
12655.6
12882.8
12922.4
12973.6
13004.4
13116.6
13397.5
13408.0
13683.8
13691.4
13882.9
14036.8
14161.6
14569.7
14608.5
14817.0
15047.6
15138.7
15595.9
15949.3
16393.7
16433.5
16586.1
16681.4
16700.8
16756.3
16918.8
17040.1
17093.4
17093.4
17248.4
17730.2
17730.2
17749.9
18244.2
18349.9
18965.7
19079.9
19323.3
19503.1
19767.9
19951.0
21477.8
21912.2
22052.0
22200.9
22212.8
22544.6
22867.0
22931.9
23016.1
24084.8
24650.8
24717.1
24904.5
24961.5
25029.6
25134.9
25705.6
25854.7
26647.0
28324.6
28567.3
28573.1
28947.1
29324.0
30575.3
30699.0
32916.2
34538.1
36366.9
37391.3
38026.0
