1497.9
1522.5
1551.8
1568.0
1638.5
1642.7
1695.5
1710.6
1714.5
1723.2
1730.0
1759.7
1763.7
1772.6
1784.6
1784.7
1798.6
1802.0
1802.4
1809.4
1815.5
1817.3
1833.0
1837.6
1838.6
1853.9
1859.9
1867.9
1872.1
1878.3
1907.4
1907.4
1912.6
1912.9
1943.8
1944.8
1946.2
1958.0
1959.6
1962.1
1962.2
1970.1
1983.2
1986.1
1995.9
2001.8
2016.4
2028.9
2037.1
2045.0
2045.6
2052.4
2053.3
2065.3
2065.3
2073.4
2078.0
2093.9
2097.4
2104.9
2105.0
2105.2
2142.1
2145.6
2146.4
2153.0
2153.0
2154.5
2163.6
2170.0
2170.4
2173.0
2181.5
2192.8
2195.5
2215.4
2219.7
2226.3
2233.3
2239.9
2263.9
2264.2
2266.3
2267.5
2286.5
2297.4
2318.4
2327.2
2330.7
2336.7
2346.3
2353.1
2361.5
2362.8
2376.9
2381.0
2403.5
2407.8
2411.8
2423.1
2423.2
2433.4
2438.2
2474.2
2481.3
2490.5
2491.7
2499.9
2503.8
2517.7
2518.2
2521.6
2539.1
2539.6
2541.0
2557.7
2562.6
2569.9
2574.3
2574.4
2574.9
2598.5
2598.5
2651.5
2671.5
2675.0
2687.5
2691.0
2713.6
2736.0
2740.3
2745.2
2757.8
2762.7
2769.9
2772.9
2785.4
2794.1
2798.0
2800.0
2805.4
2809.9
2810.1
2811.1
2813.8
2820.9
2859.9
2869.7
2903.7
2915.9
2920.7
2946.9
2982.8
2983.2
2992.6
3003.2
3020.0
3027.9
3061.5
3072.5
3089.9
3091.4
3117.4
3123.3
3129.5
3153.0
3160.1
3161.7
3167.6
3177.2
3222.4
3228.1
3232.0
3254.6
3268.7
3279.1
3304.2
3318.7
3319.0
3320.3
3323.5
3331.7
3341.2
3354.5
3378.4
3379.4
3389.5
3396.9
3442.5
3452.2
3478.7
3484.4
3485.7
3497.5
3506.0
3590.2
3591.6
3614.4
3660.9
3679.5
3702.8
3702.8
3723.8
3737.0
3797.1
3821.4
3822.2
3837.8
3874.4
3887.8
3893.1
3893.7
3937.3
3953.0
3968.5
3988.8
4006.5
4038.0
4059.3
4093.7
4107.3
4126.7
4134.8
4138.3
4153.8
4212.6
4272.9
4273.8
4276.3
4329.0
4334.4
4338.2
4357.3
4415.2
4420.2
4426.1
4477.8
4486.7
4497.9
4565.8
4566.9
4568.4
4575.0
4576.4
4595.1
4677.7
4687.7
4688.2
4690.7
4701.3
4726.6
4757.2
4771.5
4786.9
4817.8
4828.2
4830.9
4836.8
4862.1
4901.1
4902.3
4914.6
4953.3
4983.1
4994.5
5001.9
5021.2
5038.8
5092.1
5092.1
5169.2
5182.2
5188.7
5204.1
5207.7
5350.7
5388.6
5404.6
5530.2
5595.9
5692.9
5779.3
5789.2
5790.8
5826.8
5853.0
5879.9
5946.0
5978.6
6015.6
6029.4
6116.6
6120.7
6136.1
6166.4
6166.6
6237.3
6269.1
6361.9
6440.1
6540.9
6546.6
6676.9
6685.8
6690.8
6823.4
6834.1
6913.6
7055.8
7142.0
7154.3
7167.3
7191.2
7218.6
7281.8
7294.8
7483.8
7489.7
7500.7
7695.8
7734.1
7775.8
7783.4
7791.4
7805.4
7918.6
8013.3
8015.1
8168.7
8199.3
8280.6
8304.4
8327.5
8336.2
8364.5
8405.1
8440.9
8465.0
8516.5
8649.7
8757.0
8766.9
8893.2
9041.0
9045.6
9103.6
9355.3
9368.2
9379.8
10164.7
10247.0
10459.2
10517.3
10702.9
10839.3
11050.9
11098.5
11276.2
11411.1
11461.1
11594.5
11650.1
11745.2
12054.7
12207.4
12250.4
12298.7
12862.9
12996.0
13347.4
13428.6
13540.2
13646.9
14154.6
14277.6
15162.6
15324.5
15578.3
16005.5
16435.1
16513.3
16514.1
16941.4
17012.4
17126.9
17336.7
17503.7
17675.0
17996.8
18225.9
18333.7
18342.2
18734.0
18859.2
19176.8
19239.7
19351.0
19993.8
20283.9
20358.9
20620.7
21088.6
21118.5
21442.2
21483.8
21911.0
22320.5
22422.5
22489.8
22723.8
22897.5
23377.6
23968.9
24017.4
25455.3
25715.4
26062.0
26518.0
26578.6
26971.6
28107.3
31269.5
31284.9
31934.8
33893.5
35070.9
35862.9
36529.2
36632.4
36851.1
