1431.4
1447.9
1489.8
1529.1
1533.6
1556.0
1591.6
1604.2
1605.5
1612.5
1613.7
1649.4
1656.5
1658.9
1659.6
1662.9
1664.2
1674.0
1683.6
1684.6
1697.6
1698.2
1701.2
1704.6
1706.1
1706.3
1711.6
1713.9
1718.7
1720.3
1732.5
1736.0
1741.5
1742.4
1749.1
1763.2
1767.3
1768.8
1770.9
1777.3
1781.8
1787.1
1802.1
1803.5
1804.7
1806.5
1812.3
1813.6
1817.4
1819.7
1822.5
1832.5
1833.1
1848.5
1856.0
1858.8
1865.3
1867.4
1868.5
1872.7
1879.7
1894.0
1897.1
1897.2
1903.4
1908.5
1926.9
1926.9
1927.8
1936.5
1939.2
1945.1
1947.6
1959.8
1969.6
1974.6
1977.4
1979.5
1980.8
1983.3
1985.9
1988.7
1989.2
1989.8
1992.4
1999.4
2001.3
2008.1
2008.3
2013.9
2015.5
2017.2
2018.1
2022.5
2022.9
2028.6
2028.9
2034.4
2034.6
2044.9
2054.0
2074.2
2096.8
2099.2
2099.9
2103.2
2112.0
2114.6
2120.7
2128.1
2129.0
2137.0
2148.3
2150.4
2152.3
2153.5
2172.0
2174.3
2176.3
2184.0
2185.7
2187.6
2187.9
2193.4
2196.0
2198.7
2199.4
2203.6
2214.1
2214.6
2239.5
2251.4
2253.0
2256.6
2264.5
2266.9
2293.3
2294.2
2297.3
2305.8
2310.6
2321.4
2327.8
2338.5
2338.9
2341.9
2347.0
2379.7
2380.0
2388.0
2389.4
2401.0
2403.8
2417.5
2428.5
2430.9
2432.7
2433.2
2433.2
2438.7
2442.2
2451.7
2454.0
2454.1
2464.1
2469.8
2477.1
2481.4
2486.5
2500.2
2504.1
2509.7
2517.9
2519.3
2553.8
2554.9
2563.6
2563.9
2566.5
2570.0
2572.6
2575.0
2585.2
2599.5
2602.0
2618.3
2625.9
2638.6
2638.7
2650.0
2675.0
2692.0
2694.4
2695.6
2728.8
2740.1
2741.2
2741.4
2743.6
2758.2
2762.0
2769.6
2773.2
2773.4
2781.7
2785.2
2787.8
2788.2
2788.7
2796.7
2802.5
2807.4
2808.6
2834.0
2835.1
2849.2
2856.6
2857.8
2866.1
2880.1
2882.2
2895.0
2896.4
2910.1
2916.3
2929.2
2935.6
2940.5
2940.7
2987.3
2989.8
3001.5
3005.1
3011.3
3020.8
3026.9
3035.1
3057.3
3063.1
3074.5
3074.7
3077.1
3110.5
3115.8
3120.3
3122.0
3133.0
3136.0
3168.4
3202.5
3218.5
3246.4
3260.8
3327.4
3343.6
3353.0
3357.3
3367.6
3372.2
3385.8
3398.7
3446.0
3447.5
3462.8
3485.0
3497.1
3514.1
3567.6
3575.5
3577.9
3580.6
3587.3
3607.5
3615.7
3623.6
3628.7
3629.1
3656.0
3659.1
3665.1
3698.1
3708.8
3724.6
3767.0
3785.2
3789.9
3799.7
3804.8
3810.5
3814.3
3834.5
3836.8
3864.9
3869.5
3873.9
3881.9
3888.6
3904.9
3921.6
3931.9
3948.4
3955.3
3962.4
3963.5
3988.4
3994.1
4000.8
4003.4
4061.9
4073.0
4088.6
4106.3
4111.7
4121.1
4179.8
4228.8
4232.0
4235.3
4256.0
4268.6
4295.1
4296.3
4302.5
4313.0
4347.5
4381.8
4386.0
4390.9
4405.8
4408.1
4419.8
4446.7
4468.8
4490.1
4506.0
4531.5
4534.8
4548.6
4578.4
4579.6
4595.1
4617.2
4633.0
4634.9
4643.0
4646.7
4663.0
4672.7
4685.4
4703.6
4714.7
4731.4
4731.4
4763.8
4766.4
4807.9
4821.3
4829.0
4831.0
4831.2
4850.5
4855.9
4860.3
4880.2
4894.1
4896.8
4916.1
4923.7
4932.6
4934.4
4935.0
4971.6
5087.4
5089.8
5103.2
5154.3
5169.0
5177.1
5180.4
5215.9
5244.4
5252.0
5252.8
5254.5
5276.0
5371.8
5372.5
5375.7
5377.3
5402.9
5459.7
5478.9
5497.2
5506.3
5545.5
5569.5
5569.8
5571.5
5573.8
5604.6
5665.1
5668.0
5693.2
5698.8
5708.2
5719.5
5727.4
5727.7
5736.7
5739.7
5758.0
5771.1
5772.8
5824.9
5843.4
5921.5
6002.0
6007.1
6030.4
6044.4
6080.1
6095.5
6135.0
6137.4
6148.4
6158.8
6216.4
6219.9
6230.4
6334.4
6356.2
6401.1
6561.2
6565.8
6582.0
6614.4
6650.8
6673.4
6675.6
6689.6
6765.0
6765.0
6772.1
6799.1
6813.9
6820.8
6824.1
6868.8
6917.5
6982.1
7002.8
7027.7
7051.8
7070.1
7075.8
7079.3
7079.5
7107.2
7129.8
7181.2
7203.0
7212.0
7323.4
7331.8
7357.2
7373.2
7420.9
7424.0
7435.5
7508.3
7523.9
7553.0
7567.2
7575.9
7582.9
7654.6
7723.8
7879.1
8043.4
8156.7
8173.9
8228.8
8258.2
8298.1
8298.9
8325.5
8330.6
8364.7
8364.7
8406.6
8409.6
8416.4
8418.4
8552.9
8659.3
8659.3
8747.2
8806.4
8836.1
8855.9
8903.7
8903.7
8968.8
9066.8
9070.9
9102.4
9109.7
9149.4
9201.8
9217.7
9226.0
9241.0
9282.5
9360.1
9385.7
9462.2
9469.7
9496.6
9527.4
9540.7
9586.7
9736.4
9753.6
9810.8
9828.4
9842.2
9875.8
10000.7
10056.4
10067.6
10072.0
10075.7
10100.7
10180.9
10311.8
10516.9
10638.2
10653.5
10697.8
10749.5
10871.7
10919.6
10922.6
10922.6
11031.7
11115.0
11167.6
11179.8
11211.2
11336.5
11391.7
11438.2
11494.2
11536.8
11585.5
11763.3
11827.6
11973.6
12042.7
12113.3
12233.4
12249.3
12400.4
12701.8
12861.2
12883.4
12914.3
12918.2
12946.0
12967.9
13113.4
13144.9
13207.0
13328.1
13364.8
13401.6
13419.7
13486.2
13526.2
13540.6
13549.0
13797.7
13912.2
13989.7
14054.6
14144.9
14172.6
14297.6
14457.6
14492.0
14560.8
14686.2
14710.7
14752.3
14760.0
15103.4
15170.6
15340.3
15350.4
15511.0
15609.6
15716.9
15842.1
15980.4
15989.1
16070.4
16249.5
16283.3
16314.1
16351.3
16407.2
16434.4
16560.6
16587.5
16601.5
16613.5
16629.3
16730.4
16771.0
16842.3
17240.5
17269.5
17296.9
17648.8
17853.9
18000.0
18146.5
18355.3
18399.4
18431.8
18439.2
18453.4
18552.2
18612.5
18716.7
18734.7
18735.2
18773.7
18814.0
18834.3
18894.5
18928.2
19138.6
19205.7
19423.0
19450.0
19607.1
19900.4
20000.0
20069.6
20175.0
20219.4
20313.9
20510.4
20543.4
20553.9
20600.3
20754.3
20786.6
21048.1
21173.9
21174.5
21195.3
21386.4
21462.3
21654.1
21969.4
22082.2
22153.7
22160.1
22231.1
22452.1
22898.7
23015.5
23417.8
23487.1
23598.4
23837.3
24054.9
24069.5
24123.9
24302.2
24663.3
24807.4
25218.9
25231.3
25672.5
25705.1
25973.1
26258.5
26305.7
26361.2
26822.7
26844.4
26994.6
27029.4
27134.8
27184.1
27214.7
27286.0
27783.7
27825.7
28017.3
28461.3
28476.4
29111.7
29460.0
29478.1
30084.2
30108.7
30170.2
30229.8
30882.5
30971.3
31184.6
31268.1
32232.2
32590.4
33440.2
33455.8
33539.8
33639.4
33968.1
34179.0
34548.0
35321.7
37369.6
37785.6
37785.6
38679.0
39610.3
39640.0
39853.0
40139.7
40365.2
42225.4
