1407.6
1462.8
1524.7
1536.3
1562.4
1571.6
1572.7
1579.8
1584.3
1588.5
1591.5
1607.8
1618.0
1620.4
1631.8
1633.5
1641.2
1643.2
1643.6
1647.2
1652.2
1658.3
1659.6
1663.5
1672.0
1672.1
1679.0
1684.9
1691.9
1706.5
1714.0
1718.0
1718.1
1718.5
1726.3
1726.8
1727.4
1730.3
1731.5
1736.7
1737.8
1742.0
1744.4
1746.3
1746.7
1751.3
1754.9
1758.0
1760.9
1761.8
1763.8
1765.4
1765.7
1766.0
1768.6
1782.0
1782.3
1782.9
1785.2
1786.4
1792.7
1795.2
1800.0
1804.8
1806.3
1806.3
1806.7
1806.9
1808.9
1815.7
1816.9
1817.4
1821.1
1821.8
1823.6
1834.4
1837.2
1839.1
1841.6
1843.8
1845.9
1846.1
1846.1
1850.7
1854.0
1859.6
1859.9
1863.5
1864.2
1864.4
1867.4
1872.3
1882.7
1883.7
1886.6
1888.6
1890.1
1891.3
1893.7
1894.4
1907.2
1908.2
1910.5
1913.5
1913.5
1914.7
1915.6
1916.2
1918.6
1922.3
1924.0
1926.7
1928.5
1940.4
1943.8
1950.4
1952.3
1958.4
1958.6
1961.4
1966.1
1971.4
1978.0
1981.8
1984.5
1988.3
1990.0
1990.0
1994.3
1996.2
1996.7
1999.6
2001.8
2002.8
2004.1
2006.3
2013.0
2013.3
2024.9
2027.7
2035.6
2037.0
2037.1
2046.0
2048.2
2051.2
2051.4
2052.0
2058.3
2058.8
2061.0
2072.2
2076.6
2083.5
2084.1
2087.8
2092.1
2092.4
2103.6
2108.6
2111.4
2112.7
2114.6
2119.4
2124.6
2128.0
2130.9
2131.9
2131.9
2134.7
2138.2
2140.1
2144.7
2149.8
2153.6
2158.2
2159.3
2162.0
2163.9
2164.9
2170.1
2172.6
2174.3
2174.6
2176.0
2176.3
2177.4
2179.9
2194.0
2197.8
2199.4
2208.9
2209.1
2209.1
2211.8
2214.4
2218.8
2226.3
2232.6
2244.7
2244.9
2245.0
2248.0
2254.1
2259.3
2262.6
2269.7
2271.4
2272.1
2272.8
2275.6
2276.4
2277.3
2285.0
2287.6
2293.0
2293.9
2294.8
2302.1
2302.3
2303.6
2306.3
2313.9
2314.2
2318.6
2318.7
2319.2
2321.1
2323.0
2325.5
2326.5
2327.7
2333.2
2334.7
2342.9
2354.2
2356.4
2358.6
2364.8
2366.1
2366.3
2368.0
2371.2
2374.4
2375.3
2377.6
2377.6
2380.3
2382.5
2386.7
2388.7
2390.8
2393.9
2401.6
2410.6
2417.9
2422.2
2425.2
2426.6
2430.6
2435.4
2436.4
2442.6
2443.0
2447.1
2450.1
2452.0
2457.9
2459.7
2464.6
2470.4
2484.4
2497.7
2498.8
2500.0
2502.5
2509.1
2518.2
2525.8
2532.6
2533.4
2539.7
2542.3
2552.7
2567.2
2569.7
2582.4
2583.6
2589.8
2589.8
2590.3
2590.8
2591.2
2593.1
2602.5
2602.6
2607.7
2611.9
2613.2
2619.1
2621.2
2630.9
2633.0
2638.8
2652.8
2653.7
2655.6
2656.0
2659.1
2664.8
2676.4
2682.7
2685.6
2690.0
2692.8
2698.4
2700.6
2702.6
2704.7
2705.4
2709.3
2717.9
2726.8
2727.3
2734.2
2734.2
2737.7
2748.2
2748.9
2760.8
2764.7
2767.4
2767.7
2769.4
2770.0
2778.3
2778.3
2778.4
2783.4
2786.0
2789.5
2794.3
2797.4
2804.1
2804.2
2808.5
2809.3
2818.2
2823.6
2831.7
2832.7
2837.4
2838.6
2841.8
2845.3
2847.8
2848.2
2849.1
2851.7
2863.9
2875.7
2884.2
2887.4
2889.6
2898.0
2906.4
2911.0
2912.1
2918.1
2918.9
2929.9
2934.0
2935.4
2937.4
2937.7
2938.3
2944.6
2947.9
2948.9
2956.8
2958.3
2976.5
2980.3
2985.2
2989.0
2991.4
2996.7
2997.8
3000.1
3006.2
3007.2
3007.2
3007.7
3013.2
3016.7
3019.1
3021.6
3027.7
3037.6
3039.2
3040.2
3044.5
3054.3
3056.0
3065.2
3066.8
3069.5
3070.9
3072.0
3085.9
3097.3
3108.5
3113.9
3116.6
3120.2
3120.5
3120.8
3123.0
3125.6
3127.1
3139.5
3139.5
3139.5
3140.6
3142.9
3143.6
3146.4
3153.4
3156.6
3159.0
3174.1
3180.0
3183.9
3193.6
3218.1
3233.1
3242.6
3268.0
3277.2
3279.5
3296.8
3299.0
3301.0
3303.6
3305.7
3306.1
3306.9
3312.4
3314.3
3321.2
3325.2
3328.9
3330.0
3339.8
3339.8
3340.6
3368.8
3372.3
3378.0
3382.1
3384.4
3387.7
3388.3
3409.4
3429.7
3436.8
3444.2
3451.1
3454.6
3455.2
3456.7
3458.2
3466.4
3468.4
3470.3
3470.7
3478.6
3480.9
3484.0
3495.1
3500.3
3503.0
3505.2
3505.5
3506.2
3514.9
3520.7
3520.9
3527.8
3532.7
3533.9
3535.6
3536.3
3537.4
3544.8
3546.4
3547.2
3549.7
3556.1
3565.2
3570.1
3575.1
3576.3
3581.2
3585.0
3585.0
3601.1
3601.8
3608.6
3620.1
3621.0
3635.5
3639.6
3664.9
3668.1
3681.4
3694.5
3705.5
3725.7
3736.9
3755.7
3765.1
3767.4
3773.1
3781.7
3790.1
3794.3
3799.7
3804.7
3804.8
3804.8
3816.9
3818.6
3828.2
3830.4
3833.6
3836.8
3837.4
3843.0
3844.8
3844.8
3850.4
3858.3
3864.3
3869.1
3875.8
3883.0
3895.3
3897.1
3901.5
3905.3
3925.0
3925.1
3927.7
3928.6
3928.6
3929.8
3930.8
3939.2
3944.6
3950.2
3959.4
3967.6
3982.1
3984.0
3990.7
3994.6
4002.6
4003.0
4004.4
4031.5
4044.1
4047.0
4058.4
4059.9
4061.3
4062.9
4066.0
4069.1
4077.9
4081.3
4121.9
4141.1
4153.8
4154.5
4158.9
4175.5
4179.1
4189.8
4191.5
4209.2
4223.6
4229.6
4249.9
4266.2
4279.7
4284.0
4293.9
4294.5
4297.4
4298.2
4299.2
4299.3
4307.1
4315.6
4315.7
4329.3
4333.4
4336.3
4338.6
4379.7
4379.9
4393.9
4398.5
4402.9
4404.7
4406.5
4411.0
4416.2
4416.3
4424.1
4432.1
4470.7
4525.4
4526.6
4528.6
4534.1
4538.1
4544.6
4558.4
4561.4
4574.7
4575.6
4576.7
4599.4
4618.0
4628.3
4651.5
4652.4
4668.0
4680.3
4692.3
4693.4
4703.6
4704.6
4725.5
4727.0
4733.7
4744.4
4744.9
4766.2
4776.4
4780.5
4787.2
4790.7
4802.4
4804.9
4806.5
4815.6
4817.4
4819.9
4822.3
4830.0
4839.4
4845.0
4867.6
4869.9
4879.6
4886.9
4887.5
4908.4
4913.0
4923.2
4941.8
4942.8
4949.7
4950.5
4951.1
4962.5
4963.8
4969.8
4981.0
5002.2
5010.9
5012.2
5017.3
5031.8
5032.6
5037.0
5049.5
5051.2
5061.4
5063.8
5078.6
5079.1
5080.1
5118.0
5122.3
5122.4
5123.1
5125.5
5137.3
5163.3
5176.6
5185.2
5188.0
5211.7
5214.1
5224.9
5226.8
5232.6
5249.4
5256.3
5264.6
5268.9
5269.7
5279.9
5284.0
5284.1
5293.8
5302.7
5303.0
5304.9
5311.0
5314.2
5335.6
5337.0
5337.5
5340.2
5345.5
5353.6
5354.4
5355.2
5358.2
5373.6
5395.3
5403.0
5411.3
5411.4
5411.4
5412.1
5418.2
5426.3
5441.1
5451.1
5459.7
5470.3
5474.1
5474.3
5476.6
5539.0
5540.1
5549.6
5559.2
5569.5
5576.2
5577.0
5578.6
5593.1
5602.6
5612.7
5629.2
5635.3
5639.9
5642.0
5656.2
5663.9
5675.8
5683.2
5702.2
5708.0
5713.2
5715.7
5732.7
5749.7
5770.4
5776.7
5781.7
5784.3
5798.8
5818.9
5820.0
5826.2
5841.8
5844.2
5913.9
5927.6
5939.6
5944.3
5958.2
5960.4
5970.9
5973.2
5994.5
6019.7
6055.6
6056.4
6080.7
6088.4
6101.4
6105.0
6156.1
6190.9
6196.0
6205.9
6214.7
6256.0
6304.8
6315.8
6320.0
6342.4
6344.1
6370.8
6380.4
6388.1
6389.0
6414.9
6418.7
6428.9
6432.6
6438.2
6442.0
6444.9
6445.5
6450.7
6465.1
6488.0
6489.0
6491.6
6513.2
6526.4
6531.4
6536.7
6540.8
6555.2
6566.7
6590.2
6618.2
6671.2
6675.5
6695.9
6709.8
6719.6
6727.8
6730.9
6754.0
6792.7
6794.6
6800.4
6802.1
6818.1
6818.1
6822.7
6833.3
6848.9
6853.0
6860.0
6896.9
6897.4
6897.8
6900.0
6908.4
6923.0
6950.2
6952.8
6955.5
6956.8
6968.4
6974.3
6986.6
6993.6
6993.6
6995.7
7048.7
7050.9
7067.3
7085.7
7088.1
7103.0
7135.5
7140.7
7159.7
7181.8
7184.2
7188.4
7217.5
7223.7
7227.4
7231.8
7265.1
7269.8
7277.2
7277.5
7283.9
7286.2
7296.5
7351.5
7356.3
7394.5
7396.4
7408.3
7409.5
7415.5
7428.5
7472.2
7473.0
7488.4
7497.5
7517.3
7523.0
7531.0
7552.6
7559.9
7560.9
7583.8
7585.3
7607.2
7614.2
7615.5
7616.2
7677.9
7678.9
7683.5
7725.4
7729.7
7742.7
7745.7
7757.9
7761.1
7767.7
7803.4
7827.0
7828.5
7830.2
7842.5
7850.4
7853.1
7878.0
7881.0
7882.5
7895.7
7954.1
7966.8
7969.8
7969.8
7988.0
7998.4
8003.7
8004.1
8011.2
8024.0
8024.5
8028.3
8042.6
8046.4
8106.3
8109.7
8120.4
8121.1
8125.1
8163.4
8186.9
8192.6
8197.6
8214.5
8225.9
8228.6
8240.6
8256.0
8261.5
8264.7
8270.6
8276.6
8295.9
8305.2
8361.1
8362.2
8380.7
8404.9
8407.0
8433.4
8438.1
8485.0
8485.9
8493.5
8503.2
8528.3
8528.4
8557.6
8563.4
8593.7
8602.9
8611.9
8620.8
8641.2
8647.1
8649.4
8655.1
8665.5
8690.1
8721.2
8739.5
8744.5
8745.4
8762.1
8762.1
8786.6
8843.0
8872.3
8873.7
8882.4
8908.4
9008.2
9012.2
9014.8
9016.0
9036.2
9043.1
9045.2
9048.0
9051.4
9056.0
9084.3
9100.1
9113.3
9129.5
9139.2
9143.2
9188.6
9194.4
9199.3
9237.2
9242.3
9263.9
9263.9
9265.2
9269.6
9308.7
9320.4
9328.6
9344.7
9403.1
9424.7
9431.9
9492.0
9495.3
9495.5
9502.2
9515.6
9540.6
9550.8
9566.1
9576.6
9591.2
9611.6
9623.9
9643.2
9689.6
9691.6
9697.6
9701.8
9702.1
9707.8
9712.8
9713.9
9745.2
9758.0
9779.8
9792.1
9813.0
9813.5
9841.4
9842.2
9872.8
9875.7
9891.4
9894.4
9921.6
9961.0
9964.6
9971.5
10004.4
10044.0
10058.5
10068.5
10088.4
10088.5
10117.1
10125.7
10136.5
10182.2
10194.0
10212.3
10286.6
10311.7
10314.2
10331.0
10350.5
10363.4
10392.0
10406.7
10425.1
10425.7
10439.8
10465.8
10524.4
10544.7
10560.0
10578.1
10578.4
10581.5
10585.5
10655.6
10656.1
10658.7
10696.4
10713.9
10726.2
10726.6
10733.4
10735.5
10763.5
10763.9
10787.4
10789.2
10809.7
10811.7
10816.0
10826.3
10854.0
10892.6
10909.3
10910.6
10945.9
10963.9
11020.2
11048.0
11081.3
11176.3
11207.6
11235.8
11259.5
11314.7
11316.6
11330.8
11365.0
11389.1
11408.1
11453.4
11454.8
11481.1
11510.7
11533.0
11581.3
11591.7
11600.2
11640.9
11700.6
11711.7
11725.8
11754.6
11788.3
11794.5
11820.7
11829.3
11833.6
11843.8
11854.7
11870.5
11872.1
11876.3
11913.9
11926.7
11951.3
11990.0
12008.4
12043.5
12045.3
12047.2
12068.2
12103.4
12130.3
12141.6
12154.8
12189.7
12211.3
12237.8
12240.2
12288.4
12323.3
12346.6
12373.3
12373.3
12381.7
12398.1
12405.9
12407.6
12412.8
12412.8
12451.9
12522.3
12541.5
12559.2
12573.7
12602.6
12620.0
12627.9
12639.5
12658.0
12665.9
12675.6
12681.4
12683.9
12687.5
12781.6
12782.9
12796.5
12839.6
12847.7
12853.5
12861.9
12886.6
12919.4
12944.6
12970.1
13041.2
13090.0
13144.9
13200.5
13204.3
13222.6
13236.5
13252.7
13265.6
13282.0
13288.9
13297.7
13317.0
13326.8
13364.4
13364.8
13386.5
13398.0
13400.3
13411.0
13421.0
13426.7
13436.2
13455.2
13476.0
13478.7
13488.0
13497.3
13502.4
13515.7
13532.1
13547.9
13561.7
13572.8
13573.5
13584.1
13590.2
13625.0
13677.5
13701.8
13723.0
13738.2
13766.7
13780.6
13785.9
13833.8
13866.0
13878.9
13879.0
13884.3
13886.6
13896.0
13925.6
13990.3
14076.9
14154.3
14159.6
14169.0
14173.6
14202.9
14296.2
14296.2
14345.5
14353.1
14370.8
14449.3
14451.4
14457.2
14487.8
14519.6
14522.5
14532.2
14588.8
14589.2
14653.6
14653.9
14654.3
14659.1
14697.5
14728.0
14757.7
14777.1
14797.7
14882.9
14917.8
14965.4
14966.9
14967.2
14972.2
14995.6
15015.2
15040.8
15043.5
15057.3
15070.7
15111.7
15124.5
15199.9
15204.8
15229.7
15234.5
15285.7
15296.7
15301.2
15346.4
15359.6
15381.1
15390.8
15399.2
15400.5
15400.5
15413.2
15478.5
15481.9
15495.8
15510.5
15513.4
15526.9
15616.1
15672.7
15691.3
15710.6
15718.3
15771.4
15824.9
15840.9
15914.7
15914.9
15914.9
15922.8
16063.0
16175.4
16218.5
16232.8
16260.8
16273.8
16302.3
16330.7
16351.6
16363.0
16382.6
16387.9
16422.3
16451.6
16477.9
16478.2
16522.5
16560.1
16575.1
16595.4
16670.0
16677.9
16699.9
16701.9
16702.5
16713.7
16735.8
16800.3
16951.7
16956.1
16962.3
16974.2
16990.4
17031.4
17036.2
17047.2
17101.4
17101.5
17115.2
17147.1
17198.2
17205.4
17222.6
17241.5
17308.7
17308.7
17311.9
17313.5
17321.2
17365.0
17375.6
17376.3
17391.7
17394.4
17451.2
17452.2
17472.8
17585.5
17609.5
17650.0
17651.5
17655.8
17668.4
17675.9
17711.2
17714.5
17739.7
17740.3
17768.8
17770.5
17789.3
17807.7
17822.9
17861.9
17867.7
17932.9
17936.7
17950.2
17957.0
17977.4
18000.1
18017.7
18094.0
18095.6
18143.2
18145.0
18174.9
18178.1
18252.9
18263.3
18311.9
18339.9
18343.7
18366.6
18387.8
18466.6
18524.9
18530.7
18567.9
18627.3
18629.9
18632.6
18674.6
18677.2
18683.8
18698.5
18726.7
18754.2
18760.9
18819.0
18874.8
18874.8
18915.4
18919.4
18948.0
18955.6
18957.5
18995.4
19005.4
19024.8
19049.6
19056.7
19091.3
19113.0
19134.4
19149.5
19153.4
19164.0
19203.2
19203.3
19203.8
19217.4
19255.7
19255.7
19274.8
19275.3
19275.3
19282.2
19312.9
19443.1
19497.1
19521.1
19527.2
19569.3
19592.9
19621.2
19624.7
19628.0
19676.4
19709.6
19736.2
19816.9
19826.3
19871.4
19898.5
19899.4
19916.1
19949.2
20023.8
20024.8
20028.9
20050.7
20071.4
20104.2
20110.3
20139.9
20166.0
20166.0
20212.3
20219.4
20227.5
20232.8
20255.4
20296.4
20331.0
20339.0
20363.9
20486.3
20521.7
20536.2
20560.3
20572.9
20574.3
20661.7
20694.9
20769.5
20780.5
20846.7
20903.0
21061.0
21117.3
21144.0
21145.9
21161.3
21183.1
21188.1
21363.1
21390.7
21390.8
21459.6
21478.4
21486.4
21503.8
21509.1
21525.4
21534.6
21619.4
21628.6
21633.5
21748.1
21841.7
21854.9
21859.0
21863.3
21863.5
21874.7
21919.8
22060.0
22074.6
22075.6
22084.8
22112.1
22134.5
22178.8
22219.9
22251.0
22271.7
22297.1
22315.5
22356.0
22368.6
22430.1
22430.1
22465.7
22492.9
22558.5
22570.5
22604.3
22626.6
22649.1
22687.6
22720.0
22771.0
22840.2
22849.9
22921.1
22975.7
23049.3
23074.4
23076.6
23187.6
23249.7
23327.1
23417.3
23444.2
23511.0
23535.2
23594.8
23609.4
23628.0
23679.8
23693.7
23702.6
23745.7
23773.8
23784.5
23789.8
23816.0
23835.9
23848.7
23884.1
23907.2
23910.8
23935.6
23935.9
24017.2
24088.5
24106.8
24124.5
24153.6
24183.1
24248.9
24264.3
24423.4
24444.3
24467.6
24527.7
24543.7
24595.1
24628.1
24735.4
24850.7
24864.6
24876.7
24908.8
24920.6
24920.6
24962.5
24977.9
25096.4
25098.9
25099.4
25225.3
25284.0
25393.1
25398.2
25419.8
25452.2
25454.3
25473.1
25485.1
25485.7
25502.6
25562.0
25572.9
25627.1
25634.2
25672.3
25906.7
25924.8
25929.9
25942.9
25962.5
25986.2
26091.7
26167.9
26194.2
26208.3
26236.0
26277.7
26318.1
26351.0
26434.1
26470.3
26539.3
26565.1
26586.2
26586.2
26663.1
26678.9
26694.6
26753.0
26772.2
26817.7
26838.4
26862.8
26940.4
26996.4
27051.1
27172.2
27245.2
27329.6
27347.1
27401.5
27471.3
27488.6
27504.2
27546.8
27711.9
27785.3
27883.8
27958.5
27965.6
27970.9
28241.2
28247.5
28266.1
28324.4
28490.9
28499.7
28578.8
28616.5
28652.4
28732.5
28746.0
28799.2
28804.4
28805.4
28859.7
28944.5
28944.6
28962.5
28979.0
29010.3
29013.4
29019.6
29020.2
29040.4
29100.1
29113.1
29226.7
29227.2
29233.6
29377.2
29462.2
29571.9
29649.5
29659.0
29717.9
29745.1
29916.9
29967.4
30005.6
30242.7
30345.5
30501.2
30631.7
30650.0
30717.6
30723.8
30802.1
30817.1
30878.2
30927.5
30930.4
31010.2
31172.1
31178.0
31215.1
31229.4
31312.6
31346.0
31386.2
31417.7
31431.4
31478.1
31495.4
31514.7
31644.8
31658.1
31788.3
31864.1
32115.5
32152.9
32242.9
32419.8
32452.3
32465.5
32493.1
32541.7
32580.1
32679.8
32750.6
32802.1
32828.7
33010.0
33053.9
33069.7
33084.3
33150.5
33236.6
33242.7
33278.3
33309.1
33338.8
33378.4
33533.9
33560.6
33565.0
33613.9
33721.9
33807.1
33919.5
33941.1
33989.8
34077.2
34130.5
34141.6
34157.3
34185.3
34261.5
34392.5
34405.2
34443.5
34468.8
34593.7
34602.8
34666.3
34701.6
34729.8
34774.1
34951.8
35053.1
35067.2
35099.7
35207.5
35216.8
35382.9
35553.7
35673.1
35735.3
35889.1
35922.5
36021.4
36039.9
36265.1
36339.1
36397.7
36401.5
36431.8
36453.8
36687.8
36738.7
36773.0
36834.2
36854.6
36937.7
36985.2
36988.7
37021.5
37035.1
37149.9
37191.4
37213.8
37280.5
37309.5
37333.2
37479.9
37636.9
37641.4
37691.2
37713.1
37779.0
37780.5
37816.5
37842.9
38032.5
38198.6
38526.7
38555.3
38573.1
38666.3
38712.5
38721.7
38779.6
38937.5
39048.9
39124.1
39132.0
39170.5
39176.0
39194.9
39288.1
39398.6
39500.0
39715.8
39797.6
39836.1
39934.2
40008.3
40533.0
40655.2
40659.0
40813.9
40885.6
41217.6
42292.0
42353.5
43019.5
