1505.5
1523.5
1571.3
1581.8
1582.8
1628.8
1637.0
1641.1
1651.7
1656.4
1670.7
1672.3
1683.1
1695.7
1703.3
1713.5
1719.2
1724.4
1731.8
1743.9
1748.1
1754.6
1757.7
1759.6
1759.7
1781.1
1790.8
1797.8
1799.8
1801.4
1813.6
1818.9
1821.9
1825.6
1831.8
1852.8
1852.8
1860.9
1861.3
1869.1
1883.7
1884.4
1885.9
1888.4
1889.3
1900.6
1908.0
1915.9
1923.1
1923.8
1936.0
1941.0
1942.8
1948.0
1999.9
2004.7
2007.1
2009.1
2012.2
2017.7
2020.9
2023.8
2027.3
2036.1
2047.4
2047.4
2101.2
2104.7
2105.7
2106.8
2112.5
2116.3
2126.9
2142.6
2145.7
2160.0
2160.8
2162.3
2174.0
2174.6
2185.1
2212.1
2219.0
2219.0
2235.4
2253.5
2262.0
2282.4
2288.5
2290.3
2293.2
2301.6
2304.8
2306.0
2335.1
2338.6
2352.7
2358.6
2359.5
2374.3
2388.7
2393.2
2405.5
2408.9
2417.4
2431.3
2482.9
2490.7
2492.4
2496.0
2505.9
2509.4
2518.4
2550.8
2554.0
2557.1
2573.4
2581.0
2584.0
2590.5
2597.1
2597.8
2604.1
2606.0
2618.2
2623.6
2634.0
2644.7
2653.0
2655.9
2663.9
2665.0
2665.9
2668.7
2707.9
2721.3
2734.5
2735.9
2737.4
2746.6
2759.3
2765.5
2771.4
2778.4
2778.4
2789.1
2810.6
2818.0
2821.5
2823.8
2829.0
2842.5
2848.4
2867.2
2898.3
2899.7
2900.2
2917.3
2923.9
2943.9
2957.0
2964.4
2977.8
2982.9
3003.1
3006.1
3017.1
3018.3
3060.3
3074.4
3080.9
3084.9
3110.3
3139.3
3216.3
3243.5
3265.4
3267.3
3268.6
3274.8
3306.0
3316.7
3320.6
3328.2
3329.2
3343.8
3366.0
3427.2
3440.8
3449.5
3459.9
3475.5
3478.0
3483.9
3490.5
3493.3
3494.9
3510.6
3522.1
3524.9
3537.6
3566.8
3571.6
3600.8
3640.6
3645.2
3696.3
3714.5
3738.4
3753.4
3787.9
3814.9
3927.6
3935.2
3969.7
3988.4
3989.5
3992.1
3997.9
4016.6
4046.9
4063.9
4075.5
4096.6
4099.4
4103.7
4106.1
4130.4
4139.8
4169.4
4180.9
4186.6
4214.6
4233.5
4251.5
4259.0
4264.1
4291.8
4294.7
4313.4
4343.0
4347.1
4366.0
4412.5
4446.4
4484.8
4504.7
4508.7
4523.6
4531.9
4532.4
4582.9
4636.1
4670.9
4704.5
4705.6
4707.9
4733.2
4743.1
4751.7
4766.3
4770.3
4799.5
4820.5
4826.7
4841.0
4867.2
4879.4
4899.7
4964.7
4970.7
5112.4
5113.1
5136.3
5169.6
5182.2
5183.9
5195.3
5216.3
5298.6
5326.9
5334.5
5337.0
5366.9
5369.0
5375.4
5403.5
5422.0
5442.4
5519.6
5560.0
5563.5
5573.0
5631.4
5719.2
5726.5
5734.2
5738.1
5762.8
5870.6
5890.0
5892.5
5963.9
5963.9
6117.9
6143.2
6185.5
6316.1
6317.0
6325.1
6338.9
6367.7
6386.9
6422.2
6484.4
6517.5
6518.8
6525.8
6575.1
6721.6
6744.9
6775.7
6797.1
6797.1
6884.1
6891.8
6905.8
6968.5
6984.3
6989.2
6995.5
6996.7
7077.0
7160.6
7273.8
7283.3
7292.8
7404.8
7416.4
7418.7
7495.9
7540.1
7657.1
7660.2
7697.5
7749.4
7749.7
7753.1
7799.7
7835.6
7837.1
7837.5
7877.7
7933.7
7950.8
7980.5
8007.7
8024.2
8053.9
8062.8
8075.5
8088.2
8130.3
8372.6
8372.7
8444.0
8492.1
8551.8
8610.0
9117.6
9170.0
9250.6
9272.6
9387.8
9404.2
9644.9
9768.9
9798.3
9818.4
9876.6
9885.5
9913.1
9914.6
9918.5
10021.7
10116.9
10124.2
10125.0
10273.3
10278.6
10308.4
10330.3
10388.6
10411.6
10451.6
10492.6
10613.4
10660.8
11317.7
11560.6
11772.6
11901.7
11943.4
12023.2
12056.2
12064.3
12102.3
12103.4
12169.4
12176.6
12248.5
12289.8
12333.5
12390.2
12461.1
12461.1
12567.0
12732.4
12830.5
12867.9
12997.1
13078.9
13278.0
13460.5
13666.4
13748.3
13759.1
13785.5
13883.9
13919.4
14030.9
14142.6
14370.5
14593.3
14669.5
14694.2
14714.2
14894.8
15032.2
15519.6
15556.8
15627.9
15705.5
16305.7
16323.9
16559.8
16895.8
16902.6
16956.1
17138.1
17231.1
17235.4
17262.0
17333.8
17390.9
17713.3
17718.8
18057.6
18080.9
18259.2
18326.8
18334.8
18368.5
18631.9
18796.9
19018.2
19122.8
19449.3
19652.8
19665.2
19833.7
20042.1
20042.1
20043.5
20438.3
20493.7
20517.3
20822.0
21325.8
21404.3
21795.0
22021.0
22531.7
22885.4
22963.8
23256.0
23598.0
23838.5
24324.1
24348.9
24599.0
24639.5
24663.7
25087.1
25181.9
25436.5
25889.9
26318.5
26484.1
26806.7
27153.0
27292.9
27574.4
27913.9
27919.0
28075.6
28311.1
28339.5
28820.3
29449.6
29602.2
29602.2
29714.3
30162.2
30365.6
31277.6
31452.0
31621.2
33154.2
33208.4
33281.6
33754.1
33859.0
33876.9
33926.1
34420.0
35119.2
35341.0
35610.6
35719.3
36210.5
36210.5
36395.3
36535.1
36753.1
37283.6
38391.6
38419.2
38435.0
38637.9
38754.5
39052.0
39198.3
39599.4
44160.4
