1409.3
1452.2
1468.2
1490.4
1504.8
1523.5
1523.5
1545.9
1573.5
1580.9
1581.1
1611.5
1619.1
1638.8
1644.5
1646.1
1650.8
1653.0
1662.5
1665.7
1665.9
1666.5
1681.7
1685.4
1690.0
1692.1
1692.7
1694.1
1701.5
1705.3
1710.0
1713.3
1714.5
1717.4
1718.5
1722.7
1723.1
1728.7
1733.8
1743.2
1743.3
1757.4
1758.7
1761.6
1761.7
1766.8
1779.1
1784.6
1786.2
1787.7
1789.2
1790.2
1791.8
1793.5
1799.1
1806.5
1807.8
1811.0
1818.0
1821.2
1821.7
1824.2
1826.7
1827.8
1828.9
1830.1
1832.3
1844.9
1860.2
1863.0
1878.5
1886.0
1899.3
1905.2
1915.0
1919.6
1924.3
1925.1
1929.0
1931.8
1934.0
1934.6
1935.9
1950.8
1952.4
1961.7
1963.1
1967.4
1967.8
1969.1
1969.2
1976.9
1977.7
1985.2
1990.6
1992.4
1995.7
1995.8
2002.8
2004.6
2006.6
2007.3
2010.8
2014.8
2017.1
2022.6
2027.4
2027.9
2031.7
2031.8
2035.5
2036.1
2046.6
2051.5
2051.7
2068.4
2076.7
2080.5
2081.8
2089.4
2091.5
2100.8
2102.0
2111.3
2122.2
2126.3
2126.8
2132.5
2133.5
2140.3
2142.9
2149.3
2155.8
2161.6
2165.0
2165.6
2167.4
2173.8
2179.4
2180.5
2185.3
2190.9
2191.4
2194.1
2194.3
2196.4
2198.6
2209.4
2210.2
2214.4
2223.5
2225.3
2242.9
2250.6
2254.9
2256.9
2266.6
2267.0
2270.7
2275.6
2277.2
2281.1
2282.7
2283.6
2284.2
2292.4
2294.5
2294.9
2305.5
2310.7
2315.2
2317.7
2322.3
2323.5
2329.2
2330.2
2334.3
2336.1
2337.4
2340.9
2346.1
2347.6
2355.7
2361.8
2361.9
2364.2
2370.4
2374.7
2376.4
2380.7
2381.2
2383.1
2383.4
2385.5
2392.0
2400.7
2401.3
2402.1
2404.0
2419.4
2422.1
2422.3
2422.4
2432.4
2443.7
2452.7
2453.8
2455.1
2461.6
2469.2
2469.4
2469.6
2485.8
2488.9
2489.0
2492.9
2494.1
2519.1
2520.8
2521.5
2523.4
2529.5
2531.1
2541.0
2553.5
2553.8
2554.9
2561.2
2568.6
2570.7
2572.3
2575.8
2581.6
2585.4
2597.8
2605.6
2613.4
2613.6
2614.2
2636.9
2641.2
2643.0
2643.8
2645.6
2648.8
2656.9
2670.2
2677.1
2685.5
2689.9
2699.1
2701.9
2725.0
2730.8
2738.0
2740.6
2747.9
2759.1
2760.8
2765.0
2778.8
2780.5
2782.4
2782.6
2785.5
2792.6
2793.9
2794.5
2798.1
2800.4
2804.2
2804.2
2807.3
2807.6
2808.5
2823.2
2856.7
2857.3
2859.5
2866.2
2871.9
2874.2
2877.5
2880.6
2884.5
2890.0
2902.0
2906.6
2920.6
2924.2
2931.5
2932.1
2941.6
2943.7
2954.5
2966.1
2966.9
2978.0
2980.7
2997.6
3004.0
3017.7
3028.1
3031.6
3037.1
3040.7
3062.5
3070.7
3072.1
3081.1
3087.9
3097.9
3103.6
3111.3
3113.6
3113.8
3122.6
3140.2
3145.8
3154.3
3158.3
3159.0
3176.0
3176.7
3181.8
3194.6
3199.4
3211.3
3213.2
3214.6
3215.3
3226.8
3229.8
3254.1
3255.3
3257.9
3259.7
3261.1
3275.5
3280.3
3285.2
3286.8
3290.2
3309.2
3309.5
3322.1
3322.5
3325.7
3334.4
3340.9
3365.4
3368.2
3370.1
3380.0
3380.6
3383.0
3392.7
3393.5
3399.8
3405.7
3410.8
3413.0
3414.2
3420.6
3434.7
3471.0
3471.5
3472.8
3475.4
3480.9
3484.6
3495.2
3497.6
3501.3
3512.5
3516.3
3521.0
3522.4
3523.0
3527.4
3527.8
3528.2
3550.2
3572.2
3576.7
3581.3
3587.6
3590.3
3606.9
3616.2
3619.0
3632.0
3632.0
3642.0
3649.2
3650.5
3678.6
3683.2
3703.4
3726.9
3732.2
3741.1
3752.9
3753.8
3761.3
3763.7
3769.1
3771.3
3773.9
3784.7
3785.6
3788.2
3799.9
3804.1
3804.1
3809.0
3820.7
3832.9
3836.7
3847.5
3871.9
3897.7
3902.9
3927.6
3929.8
3943.7
3955.6
3963.2
3974.4
3980.9
3981.8
3983.3
4007.9
4010.2
4019.0
4044.7
4045.1
4050.5
4054.9
4104.0
4117.2
4117.6
4132.9
4156.1
4157.1
4159.9
4182.4
4185.4
4190.7
4210.5
4224.3
4242.2
4250.7
4261.8
4268.6
4272.2
4278.7
4286.1
4305.3
4308.9
4328.0
4331.8
4338.5
4341.2
4366.0
4373.4
4392.5
4399.5
4422.4
4430.3
4433.4
4445.7
4450.4
4452.9
4463.3
4463.9
4470.1
4475.2
4484.3
4496.9
4497.9
4510.8
4520.5
4535.4
4538.0
4577.4
4587.5
4595.7
4607.5
4610.3
4611.8
4617.9
4618.5
4647.4
4669.5
4673.8
4693.3
4759.5
4770.4
4779.3
4788.5
4800.6
4811.4
4825.1
4826.8
4826.9
4829.9
4840.2
4853.6
4881.2
4895.4
4924.0
4933.8
4971.6
4994.3
5014.9
5029.1
5058.6
5061.1
5062.6
5069.8
5086.1
5088.1
5094.8
5102.2
5107.7
5111.9
5143.2
5144.1
5154.1
5175.5
5192.2
5203.6
5203.8
5226.5
5228.6
5238.1
5276.8
5291.8
5315.2
5325.7
5347.3
5347.3
5349.0
5425.4
5447.9
5456.7
5468.0
5529.9
5530.1
5540.8
5568.6
5590.2
5593.4
5661.1
5683.4
5686.6
5694.2
5700.7
5701.5
5712.8
5734.9
5754.7
5769.1
5791.8
5801.0
5812.1
5828.1
5872.5
5879.5
5908.1
5912.5
5928.6
5945.2
5954.3
6003.5
6005.8
6019.5
6024.0
6050.3
6050.9
6089.5
6103.8
6108.2
6108.2
6109.9
6118.6
6118.9
6123.6
6183.8
6187.5
6220.7
6248.8
6266.0
6330.6
6358.1
6372.8
6390.2
6412.3
6427.5
6428.8
6442.6
6472.1
6487.5
6519.1
6559.0
6574.9
6607.6
6613.5
6620.1
6642.8
6658.5
6675.1
6688.1
6696.5
6734.6
6744.1
6763.8
6786.0
6787.5
6793.8
6794.7
6811.6
6840.8
6860.1
6860.1
6875.5
6899.5
6909.8
6914.3
6915.0
6940.4
6964.5
6970.1
6984.2
7110.2
7126.5
7162.5
7164.3
7167.4
7169.1
7169.7
7170.7
7203.0
7203.0
7205.1
7253.6
7261.5
7293.5
7304.7
7316.9
7332.4
7361.5
7362.8
7369.3
7390.2
7433.4
7447.0
7472.1
7472.4
7473.8
7503.1
7506.9
7555.7
7557.4
7574.9
7576.1
7579.4
7580.5
7626.5
7631.4
7633.0
7636.7
7646.6
7654.6
7672.1
7677.5
7680.8
7707.8
7768.4
7772.2
7788.1
7802.8
7814.5
7921.1
7931.2
7936.3
7960.3
7971.7
8025.4
8028.8
8042.4
8042.8
8061.1
8102.3
8122.2
8159.2
8160.8
8244.0
8268.0
8291.7
8309.5
8358.7
8399.3
8413.5
8448.7
8483.8
8540.5
8547.6
8547.9
8555.0
8556.8
8607.1
8642.5
8667.4
8710.1
8721.2
8756.9
8761.3
8778.1
8833.1
9005.2
9008.8
9015.3
9036.9
9052.1
9071.9
9096.5
9096.5
9133.7
9144.4
9150.4
9208.0
9241.1
9329.7
9365.9
9399.0
9409.9
9418.2
9452.7
9461.0
9469.1
9493.9
9504.2
9549.5
9577.7
9668.5
9673.9
9693.4
9700.2
9700.6
9712.5
9716.3
9767.1
9768.5
9785.8
9808.8
9847.6
9857.3
9863.5
9897.4
9910.2
9925.3
9998.8
10021.0
10055.1
10110.8
10120.2
10125.3
10128.0
10154.2
10155.7
10170.7
10175.7
10210.7
10218.7
10294.0
10308.9
10346.8
10390.3
10450.5
10454.7
10476.8
10490.1
10500.1
10500.5
10507.6
10511.0
10513.4
10556.7
10564.7
10579.8
10631.6
10696.8
10726.9
10732.4
10736.3
10744.7
10756.5
10797.3
10828.9
10889.0
11020.5
11021.7
11029.2
11039.2
11082.2
11242.5
11281.2
11326.6
11412.1
11422.0
11459.4
11484.3
11542.3
11623.3
11628.3
11735.8
11750.5
11779.9
11819.9
11824.4
11869.1
11878.2
11880.8
11884.1
11920.9
11929.6
11951.8
12012.4
12028.1
12029.8
12104.8
12132.1
12165.4
12165.7
12182.2
12291.9
12382.6
12390.5
12406.4
12417.4
12465.3
12484.1
12495.1
12495.7
12515.8
12542.4
12542.4
12608.0
12631.6
12647.8
12649.9
12669.3
12704.8
12776.8
12910.7
12910.7
12931.9
12931.9
12934.3
12949.9
12997.9
13007.8
13049.8
13062.6
13137.0
13151.9
13222.6
13248.8
13258.5
13294.6
13432.1
13624.7
13647.9
13676.7
13801.8
13929.8
13975.9
13987.9
14180.9
14246.5
14266.3
14271.4
14272.0
14354.1
14373.1
14416.0
14567.8
14606.7
14657.2
14771.7
14911.4
14972.1
15012.9
15218.9
15231.0
15238.0
15247.5
15391.9
15416.5
15636.9
15656.3
15688.1
15719.0
15719.0
15731.5
15741.8
15899.5
15931.1
15971.3
16027.2
16090.2
16154.1
16296.4
16356.0
16362.2
16390.9
16394.2
16440.5
16446.5
16642.1
16689.7
16723.0
16724.4
16831.2
16838.1
16870.2
16998.1
17026.7
17069.1
17077.6
17250.3
17274.8
17435.9
17447.2
17611.3
17807.7
17852.5
17901.4
17931.8
18146.5
18175.4
18192.1
18250.6
18278.0
18298.8
18321.6
18367.1
18491.3
18493.4
18528.0
18600.9
18713.5
18761.3
18769.8
18905.5
19002.3
19030.9
19084.8
19148.8
19209.9
19329.1
19349.7
19512.5
19596.2
19614.4
19646.4
19708.6
19766.8
19789.0
19791.3
19959.6
20033.7
20033.7
20065.4
20099.5
20181.1
20276.5
20370.2
20378.6
20399.5
20518.2
20693.6
20695.3
20754.8
20941.8
21062.8
21077.7
21079.6
21113.1
21333.6
21462.2
21547.2
21587.8
21642.2
21652.9
21676.7
21697.5
21701.5
21733.0
21843.7
21858.6
21956.7
22255.2
22266.3
22427.6
22441.2
22592.7
22812.2
22849.3
22903.5
23060.9
23112.6
23133.4
23138.8
23205.3
23380.1
23474.7
23606.1
23631.2
23631.5
23676.3
23819.1
23833.1
23878.1
23995.9
24048.9
24121.1
24395.7
24524.7
24613.7
24619.8
25158.3
25186.4
25303.1
25450.1
25628.8
25759.8
25883.2
26039.1
26120.8
26128.6
26154.4
26161.2
26223.2
26377.2
26453.8
26493.3
26684.1
26946.6
27182.9
27389.7
27398.3
27563.3
27794.1
27979.1
28001.3
28016.0
28127.0
28479.5
28646.7
28690.1
28829.5
28985.7
29013.6
29120.5
29309.7
29345.7
29444.0
30028.7
30192.2
30244.2
30577.0
30593.5
30698.2
30785.6
31523.7
31648.8
32117.5
32315.1
32350.5
32388.9
32480.5
32482.2
32511.7
32844.7
32844.7
32948.6
33012.1
33013.6
33035.7
33271.0
33346.5
33504.6
33519.6
33684.3
33737.3
33818.1
33884.8
34035.6
34091.3
34275.3
34355.5
34544.3
34571.0
34720.4
35009.9
35027.9
35165.6
35174.8
35204.8
35373.2
35487.7
35526.1
35528.1
35818.0
35837.5
35885.3
36194.0
36258.7
36429.8
36663.9
36856.9
36929.5
37246.8
37274.6
37411.5
37647.8
38920.1
39012.0
39306.5
40126.5
40441.1
41857.2
42044.4
43880.4
