1463.0
1508.1
1511.4
1532.1
1547.6
1550.4
1551.4
1573.3
1592.7
1598.5
1617.4
1622.5
1623.7
1629.6
1633.6
1639.8
1647.8
1651.0
1657.9
1659.6
1663.0
1665.6
1669.6
1671.4
1679.3
1685.6
1687.3
1710.0
1714.5
1718.9
1719.7
1727.3
1731.8
1732.5
1735.4
1735.6
1743.8
1748.8
1749.8
1751.3
1755.1
1756.5
1758.8
1772.8
1783.7
1793.4
1796.1
1796.3
1798.9
1799.9
1811.5
1815.2
1826.5
1830.2
1836.0
1836.8
1837.9
1840.8
1842.2
1852.2
1856.6
1857.3
1860.2
1871.7
1871.9
1880.6
1887.0
1888.8
1891.9
1894.3
1901.4
1904.3
1917.8
1918.1
1924.8
1926.5
1926.8
1928.5
1930.4
1932.6
1936.6
1937.4
1941.6
1946.3
1961.5
1965.8
1970.4
1985.4
1987.6
1990.7
1996.1
1997.6
1998.7
2004.5
2005.3
2006.9
2013.5
2016.5
2020.6
2027.1
2029.0
2041.5
2046.3
2046.3
2048.1
2048.8
2053.9
2054.5
2067.1
2072.2
2073.8
2084.5
2084.5
2090.0
2094.9
2096.3
2097.2
2098.9
2102.1
2104.4
2111.2
2112.3
2115.1
2117.8
2120.8
2139.7
2141.7
2149.7
2152.6
2161.2
2162.9
2171.5
2186.7
2189.2
2193.9
2207.8
2213.4
2214.6
2217.8
2224.9
2226.0
2232.5
2239.4
2244.2
2246.7
2257.2
2257.7
2258.6
2261.1
2274.2
2275.8
2276.4
2277.4
2277.5
2281.9
2283.4
2287.5
2291.6
2292.3
2298.7
2300.1
2302.0
2302.4
2309.3
2312.4
2321.7
2328.1
2333.8
2340.0
2341.5
2351.7
2357.9
2371.1
2373.1
2375.1
2376.7
2386.0
2391.6
2406.6
2409.6
2416.3
2416.7
2420.8
2420.9
2421.1
2437.4
2439.1
2449.9
2454.5
2467.9
2469.3
2473.4
2488.6
2491.4
2494.9
2497.6
2501.6
2503.6
2506.8
2507.3
2507.7
2509.2
2510.3
2516.6
2519.0
2523.5
2530.5
2534.3
2535.4
2542.2
2546.7
2550.6
2559.7
2562.3
2565.2
2572.6
2576.0
2576.6
2585.6
2588.1
2590.9
2592.2
2599.6
2606.9
2611.6
2616.2
2620.3
2624.5
2625.5
2628.5
2632.0
2635.5
2637.4
2648.6
2649.9
2650.3
2653.0
2656.4
2657.6
2660.1
2667.0
2676.7
2677.0
2679.1
2679.5
2680.2
2693.1
2697.6
2700.8
2706.3
2708.6
2718.1
2719.7
2720.1
2723.7
2729.9
2738.6
2739.7
2743.0
2749.3
2751.3
2754.6
2761.8
2763.6
2764.6
2765.0
2766.9
2769.1
2769.4
2780.5
2782.9
2785.8
2790.2
2798.7
2801.4
2804.1
2818.5
2823.1
2828.1
2831.0
2831.4
2832.7
2840.0
2843.7
2844.3
2848.7
2853.2
2881.1
2884.6
2894.8
2895.7
2896.5
2915.9
2921.4
2930.9
2932.0
2939.3
2940.4
2948.0
2949.0
2965.7
2977.8
2984.7
2989.7
2995.2
3000.3
3011.6
3033.0
3047.9
3050.9
3053.8
3055.4
3055.6
3058.1
3061.3
3061.3
3068.9
3086.5
3092.8
3100.5
3108.5
3112.5
3116.8
3126.7
3129.9
3131.6
3148.6
3149.4
3156.3
3165.0
3165.2
3173.7
3179.8
3185.8
3192.0
3195.2
3203.3
3213.9
3226.4
3234.9
3235.1
3258.8
3264.1
3264.1
3270.2
3273.9
3280.9
3287.0
3294.2
3295.4
3303.7
3308.2
3309.7
3316.7
3323.7
3327.2
3327.2
3340.4
3340.4
3343.2
3343.8
3344.4
3359.2
3368.4
3386.0
3400.1
3405.4
3425.7
3434.8
3436.3
3443.7
3452.4
3460.1
3465.8
3479.5
3484.0
3490.2
3491.3
3492.3
3494.2
3501.7
3502.7
3514.0
3515.1
3516.3
3518.8
3536.4
3542.0
3551.6
3564.6
3586.4
3603.9
3609.5
3616.3
3629.5
3640.5
3650.4
3661.9
3662.7
3663.1
3669.0
3673.1
3678.2
3678.9
3691.3
3698.4
3722.7
3723.7
3725.0
3728.9
3731.2
3756.8
3758.6
3763.0
3764.8
3765.6
3786.3
3788.9
3798.4
3814.3
3824.4
3829.6
3842.5
3847.6
3851.6
3856.5
3859.6
3874.6
3875.6
3876.5
3880.1
3901.7
3908.0
3927.7
3928.2
3944.4
3958.1
3958.3
3963.4
3980.7
3989.9
3994.0
4011.4
4018.7
4021.8
4023.8
4031.3
4054.6
4061.4
4065.6
4078.8
4078.9
4084.9
4094.7
4100.5
4110.1
4146.4
4150.4
4173.9
4174.8
4183.1
4186.8
4219.1
4253.4
4275.1
4285.5
4287.1
4289.2
4310.1
4311.2
4326.5
4330.4
4343.2
4343.8
4351.8
4357.1
4362.0
4366.7
4369.8
4371.1
4384.6
4386.9
4398.6
4399.9
4401.9
4408.4
4409.2
4418.1
4441.4
4442.6
4451.0
4451.6
4454.8
4463.3
4468.7
4468.9
4475.6
4481.1
4484.2
4493.4
4496.4
4506.0
4527.9
4529.2
4529.4
4542.5
4543.7
4547.2
4568.3
4579.3
4592.8
4600.8
4602.1
4606.7
4624.2
4625.5
4630.1
4633.4
4638.0
4646.2
4660.8
4660.8
4661.0
4676.9
4678.3
4704.4
4717.6
4734.7
4734.7
4771.2
4781.8
4788.3
4799.5
4810.6
4814.7
4815.9
4826.2
4864.9
4868.4
4885.3
4886.5
4912.3
4915.1
4918.6
4941.3
4950.8
4965.1
4981.2
4986.5
4997.6
5005.3
5006.6
5034.3
5035.3
5072.7
5095.3
5130.9
5150.6
5153.6
5158.1
5158.4
5162.6
5215.9
5237.7
5265.2
5273.6
5274.1
5276.8
5281.8
5285.1
5296.7
5311.8
5328.9
5359.8
5380.9
5387.7
5413.8
5424.7
5425.2
5434.7
5438.9
5441.4
5447.4
5466.5
5486.5
5506.7
5515.8
5517.4
5534.5
5551.7
5553.1
5555.3
5559.0
5563.2
5564.2
5580.5
5594.7
5607.1
5608.4
5619.6
5633.4
5643.5
5655.0
5662.9
5669.3
5674.4
5680.9
5687.1
5711.5
5719.5
5721.9
5735.6
5745.0
5747.6
5763.3
5779.7
5782.2
5784.6
5794.6
5814.5
5838.8
5842.0
5852.1
5859.4
5860.2
5876.9
5920.6
5923.1
5928.0
5928.0
5935.6
5939.2
5940.7
5958.9
5965.0
5986.0
6027.9
6029.2
6030.3
6042.5
6043.3
6069.5
6086.1
6093.2
6109.6
6130.0
6132.3
6171.7
6179.4
6183.1
6217.0
6303.9
6307.4
6313.4
6322.5
6322.7
6328.7
6332.4
6335.1
6342.8
6343.3
6348.9
6372.2
6421.4
6434.7
6446.4
6450.4
6463.9
6487.6
6522.0
6548.3
6558.7
6560.7
6594.5
6600.9
6614.5
6615.4
6661.3
6663.0
6689.2
6699.4
6710.5
6718.1
6745.9
6751.9
6801.0
6808.2
6811.2
6820.5
6823.9
6826.9
6827.1
6874.3
6879.8
6880.8
6921.8
6955.6
6983.2
7080.7
7115.1
7120.2
7151.7
7157.4
7189.3
7214.5
7229.6
7268.0
7284.6
7301.3
7302.1
7324.5
7324.8
7348.1
7358.3
7411.0
7414.4
7422.6
7440.3
7487.1
7487.5
7550.4
7571.1
7577.7
7589.5
7607.1
7615.8
7643.5
7644.8
7655.1
7662.0
7674.8
7690.8
7702.5
7731.8
7757.0
7773.9
7824.7
7873.3
7930.9
7932.5
7938.3
7972.3
7976.7
7990.8
8026.7
8052.3
8070.1
8091.5
8092.6
8100.6
8128.4
8133.8
8140.4
8150.3
8237.3
8254.6
8257.9
8258.1
8368.8
8462.3
8464.8
8475.8
8477.0
8503.0
8508.6
8509.5
8515.6
8551.2
8563.4
8574.9
8597.9
8600.6
8639.5
8659.9
8661.5
8694.1
8712.4
8722.2
8725.1
8727.8
8741.7
8750.2
8767.4
8771.5
8778.8
8807.7
8836.0
8930.8
8935.2
8964.1
8970.1
9018.2
9024.3
9026.3
9074.6
9097.8
9147.0
9163.2
9176.0
9178.5
9203.5
9237.5
9249.5
9297.0
9313.2
9331.0
9343.0
9360.2
9376.2
9410.1
9412.5
9431.2
9459.2
9461.4
9520.4
9550.7
9701.3
9706.3
9708.3
9739.6
9774.5
9789.3
9849.8
9891.3
9897.1
9978.8
10066.7
10076.5
10094.5
10119.9
10182.6
10183.8
10251.0
10265.9
10272.6
10412.9
10413.6
10442.4
10442.9
10543.1
10557.5
10577.6
10581.7
10592.9
10606.7
10622.0
10687.1
10720.4
10727.9
10733.6
10757.6
10763.7
10763.9
10818.1
10841.2
10869.3
10892.4
10922.9
11052.4
11091.4
11115.5
11130.1
11144.0
11148.9
11156.6
11189.1
11240.7
11268.4
11268.6
11278.1
11282.9
11297.5
11297.5
11321.4
11343.1
11380.5
11412.4
11442.5
11456.2
11590.3
11598.7
11616.4
11656.7
11684.2
11803.5
11828.7
11870.2
11942.5
12054.3
12079.5
12102.1
12103.7
12154.0
12225.8
12227.3
12314.5
12314.6
12323.8
12347.1
12354.6
12462.3
12536.4
12554.1
12574.8
12597.3
12613.5
12688.6
12765.0
12775.6
12786.7
12809.1
12812.2
12823.5
12880.3
12885.7
12942.1
12971.8
12978.5
12981.3
12991.2
13033.5
13050.4
13069.2
13105.3
13153.0
13163.9
13183.9
13185.4
13238.9
13330.2
13366.4
13395.9
13419.5
13493.5
13516.1
13684.5
13709.5
13734.1
13739.2
13778.7
13848.6
13878.9
13928.8
14025.3
14042.7
14071.0
14084.7
14094.3
14120.6
14243.7
14311.1
14352.5
14359.5
14392.5
14393.3
14393.3
14397.8
14525.1
14526.6
14601.8
14631.6
14750.4
14804.8
14832.2
14854.2
14962.5
14962.5
14980.1
14997.4
15029.6
15075.2
15146.3
15176.6
15287.8
15396.5
15416.3
15505.4
15513.1
15612.7
15631.4
15663.9
15683.8
15779.3
15783.0
15786.8
15843.1
15926.9
15998.2
16033.0
16171.3
16230.9
16250.5
16285.3
16322.4
16374.4
16448.6
16547.4
16674.1
16674.7
16732.5
16772.1
16899.6
16997.9
17019.1
17043.1
17108.3
17143.6
17250.0
17269.2
17277.6
17374.1
17419.8
17454.3
17455.7
17460.2
17461.4
17487.4
17535.2
17599.5
17618.5
17633.6
17659.7
17681.0
17706.1
17771.3
17810.6
17871.2
17987.0
18036.0
18037.8
18046.2
18110.5
18342.3
18349.5
18357.3
18360.7
18400.0
18432.1
18480.4
18481.2
18499.6
18537.8
18590.9
18607.0
18607.0
18681.3
18694.1
18718.6
18733.2
18781.1
18813.1
18820.4
18847.4
19024.8
19096.8
19178.8
19330.1
19356.1
19375.2
19474.7
19622.7
19639.2
19641.1
19720.5
19773.1
19778.7
19813.4
19984.1
20015.5
20023.7
20057.2
20069.2
20069.2
20083.9
20097.3
20125.4
20128.1
20169.8
20305.1
20307.8
20319.6
20343.0
20373.1
20444.8
20558.9
20560.2
20571.9
20628.6
20668.9
20741.0
20890.6
20992.1
21110.2
21152.0
21215.8
21224.1
21240.1
21251.5
21282.8
21393.6
21494.4
21535.0
21570.8
21573.9
21635.0
21847.1
21875.3
21894.5
21969.8
22060.1
22060.6
22126.5
22144.6
22148.3
22187.2
22413.5
22480.4
22552.5
22558.2
22606.7
22625.2
22633.0
22654.0
22859.4
22910.5
22965.5
23076.8
23139.8
23171.0
23271.8
23343.9
23357.3
23612.1
23620.1
23670.0
23756.2
23857.3
23857.7
23876.6
23947.2
23961.1
23967.7
24042.9
24103.5
24115.1
24156.3
24202.9
24286.6
24390.9
24396.5
24487.3
24612.3
24717.3
24727.6
24763.7
24781.5
24856.0
25040.1
25041.8
25051.7
25126.5
25294.2
25339.1
25462.3
25864.8
25958.7
26083.4
26099.6
26125.2
26313.4
26375.5
26402.8
26447.4
26496.2
26525.1
26525.4
26612.5
26679.7
26718.8
26734.2
26734.2
26863.0
26891.0
26975.2
27011.5
27140.9
27272.8
27525.5
27557.5
27578.3
27586.4
27615.4
27796.2
27916.3
27943.5
28014.7
28039.1
28265.1
28312.1
28353.9
28382.0
28421.8
28432.5
28556.2
28708.2
28752.8
28852.6
29212.4
29292.8
29533.8
29610.6
29687.9
29688.5
29863.3
30188.6
30265.2
30276.0
30341.1
30566.2
30670.5
30731.4
30842.6
30886.2
30900.5
30966.3
31066.9
31141.6
31238.2
31324.2
31432.5
31475.5
31568.3
31597.5
31644.5
31840.6
31888.4
31904.7
31997.5
32117.2
32241.0
32358.6
32411.1
32427.0
32555.9
32604.7
32608.7
32636.5
33011.9
33280.8
33364.7
33413.3
33434.0
33460.2
33624.2
33860.5
33885.7
34369.8
34386.8
34496.3
34895.9
34996.9
35037.5
35150.1
35373.8
35557.2
35557.2
35660.9
35805.0
35805.4
36059.1
36163.4
36228.9
36266.3
36360.0
36433.8
36515.3
36526.1
37153.1
37162.3
37173.6
37236.6
37450.1
37593.4
37734.2
38800.5
38840.1
38869.7
39010.3
39056.5
39335.7
39482.3
39494.5
39547.2
39580.2
39707.4
39738.9
39886.3
39906.7
40230.7
41983.7
45277.5
