1386.3
1517.8
1525.3
1553.0
1558.7
1559.1
1559.5
1565.4
1569.9
1591.6
1593.3
1611.0
1615.1
1630.6
1632.8
1635.4
1639.0
1639.2
1639.7
1644.8
1647.3
1647.4
1648.1
1653.6
1667.5
1668.9
1678.1
1678.2
1684.1
1686.5
1686.5
1687.0
1690.7
1693.7
1698.8
1718.8
1725.8
1725.9
1727.0
1734.8
1735.6
1741.6
1743.0
1744.6
1757.3
1764.1
1772.7
1774.9
1779.8
1780.6
1781.5
1782.2
1784.5
1787.9
1790.3
1792.7
1797.7
1800.6
1809.3
1817.0
1817.0
1821.1
1823.1
1826.2
1826.6
1836.2
1836.6
1837.0
1838.2
1847.6
1849.6
1852.3
1854.5
1860.5
1866.0
1873.9
1874.0
1874.9
1877.2
1877.3
1878.0
1880.4
1884.1
1888.1
1889.3
1889.8
1890.7
1899.8
1901.1
1904.6
1906.2
1906.3
1909.5
1910.3
1910.7
1914.4
1919.1
1919.2
1922.1
1934.4
1937.9
1938.1
1939.9
1950.6
1953.0
1958.5
1959.3
1960.6
1966.2
1967.9
1972.8
1976.7
1987.8
1988.2
1988.5
1990.2
1993.1
1995.2
1997.1
1998.4
1999.7
2002.6
2004.2
2005.9
2008.6
2009.8
2011.7
2023.3
2025.0
2027.5
2027.7
2033.4
2038.8
2043.0
2045.8
2048.1
2055.3
2061.8
2062.4
2062.8
2066.2
2067.9
2071.3
2071.7
2072.8
2081.0
2093.1
2093.8
2094.1
2095.3
2098.7
2102.7
2110.2
2120.8
2122.7
2122.8
2128.3
2131.2
2132.4
2133.8
2134.5
2146.5
2146.6
2150.5
2152.0
2154.6
2156.6
2156.8
2163.5
2164.9
2184.5
2194.4
2196.0
2198.3
2199.3
2206.7
2212.7
2218.6
2219.7
2228.4
2229.3
2231.5
2233.6
2240.9
2243.5
2244.1
2246.8
2247.4
2247.6
2248.0
2251.1
2257.2
2264.8
2269.3
2271.0
2271.7
2273.5
2276.0
2276.3
2279.4
2282.0
2286.4
2289.6
2289.6
2289.9
2290.3
2292.1
2292.3
2295.5
2297.7
2301.7
2302.0
2307.8
2313.1
2321.2
2325.9
2336.9
2337.9
2338.4
2344.2
2344.6
2347.0
2348.8
2349.5
2351.9
2353.6
2359.0
2362.2
2368.5
2368.8
2374.2
2375.4
2377.8
2381.4
2382.6
2382.8
2387.4
2388.1
2389.8
2393.2
2395.5
2395.8
2395.9
2402.4
2404.6
2404.9
2405.3
2406.8
2411.4
2416.6
2419.2
2421.6
2421.8
2425.9
2429.6
2433.4
2437.3
2439.6
2449.2
2449.4
2455.6
2458.9
2467.8
2471.6
2471.7
2473.5
2477.9
2480.8
2481.8
2482.1
2482.2
2482.4
2487.6
2494.9
2496.5
2500.3
2508.0
2513.7
2515.3
2519.3
2522.4
2527.8
2528.6
2534.2
2536.2
2541.6
2542.7
2546.8
2547.5
2548.5
2553.3
2555.1
2556.1
2556.7
2556.9
2557.5
2566.6
2569.4
2569.9
2581.2
2590.5
2590.7
2598.5
2601.5
2603.8
2605.3
2606.6
2610.0
2610.4
2611.9
2616.1
2619.2
2629.7
2637.4
2643.2
2644.9
2652.6
2652.7
2662.1
2671.0
2674.9
2677.8
2681.4
2690.0
2692.6
2692.7
2694.1
2698.8
2702.9
2704.3
2708.9
2712.2
2715.0
2721.7
2721.9
2727.2
2727.8
2727.8
2728.3
2746.3
2746.4
2751.4
2752.4
2752.8
2754.9
2756.5
2762.8
2767.0
2767.9
2775.3
2786.3
2786.8
2787.6
2789.8
2790.1
2790.1
2794.0
2794.6
2797.5
2799.0
2799.8
2806.2
2808.2
2815.8
2816.3
2821.3
2824.6
2825.6
2826.4
2834.3
2841.2
2841.8
2848.6
2849.9
2850.4
2850.7
2856.3
2858.2
2858.4
2859.2
2873.3
2875.4
2878.5
2880.0
2893.2
2894.1
2899.5
2908.7
2918.6
2919.0
2922.1
2930.3
2936.3
2939.2
2943.6
2948.4
2954.6
2957.0
2968.9
2972.2
2973.6
2980.3
2982.4
2983.7
2984.5
2986.2
2986.7
3005.5
3013.2
3025.5
3026.6
3033.9
3036.0
3041.2
3047.4
3049.7
3056.0
3066.9
3075.7
3081.3
3081.5
3089.8
3102.6
3104.4
3114.1
3115.2
3116.5
3124.5
3125.8
3149.5
3174.2
3176.2
3178.7
3188.4
3191.0
3192.1
3193.3
3194.0
3210.4
3220.1
3220.4
3226.3
3228.1
3237.0
3249.2
3251.3
3258.6
3263.1
3270.0
3271.1
3274.7
3287.0
3291.0
3300.1
3301.5
3309.2
3309.5
3327.2
3334.0
3334.5
3340.7
3343.0
3345.0
3350.1
3350.4
3351.9
3354.1
3359.1
3363.9
3364.4
3364.8
3369.1
3379.2
3383.9
3386.9
3389.1
3392.0
3394.2
3411.7
3419.0
3423.3
3426.2
3431.1
3432.8
3435.4
3437.4
3441.4
3451.1
3468.2
3486.4
3490.7
3504.4
3511.5
3512.8
3514.3
3517.5
3518.3
3519.2
3526.8
3530.5
3538.7
3538.7
3550.1
3551.6
3552.6
3559.3
3559.5
3569.4
3572.4
3573.8
3575.5
3593.3
3597.0
3600.5
3611.4
3627.4
3630.8
3643.7
3645.0
3655.3
3655.7
3656.6
3658.3
3679.1
3692.0
3694.8
3700.2
3706.1
3716.2
3724.0
3731.8
3732.6
3739.7
3743.4
3745.9
3749.5
3751.4
3757.2
3783.1
3785.7
3805.5
3812.0
3818.1
3829.5
3835.4
3845.1
3847.4
3847.5
3847.8
3847.9
3860.9
3868.7
3873.6
3874.0
3880.8
3885.6
3898.8
3901.0
3909.6
3916.4
3917.2
3922.0
3929.9
3930.8
3930.8
3937.3
3945.1
3951.1
3967.7
3974.4
3988.7
4013.4
4025.2
4029.9
4035.0
4043.8
4047.0
4050.8
4055.1
4058.9
4068.7
4069.6
4074.6
4080.0
4089.1
4089.7
4095.8
4098.1
4102.4
4106.7
4111.7
4112.6
4122.1
4126.5
4132.9
4135.9
4138.8
4141.1
4142.0
4144.1
4150.0
4160.0
4179.7
4185.8
4188.3
4191.1
4193.0
4205.5
4210.5
4211.1
4233.8
4236.6
4244.4
4245.2
4250.6
4250.6
4258.0
4260.8
4267.6
4281.0
4288.2
4298.9
4303.2
4322.6
4332.9
4342.4
4342.8
4343.0
4370.6
4376.5
4407.7
4419.6
4425.1
4426.5
4434.8
4434.9
4435.3
4435.5
4452.6
4489.3
4493.9
4497.3
4498.7
4500.3
4511.5
4516.9
4518.6
4533.8
4536.0
4537.3
4545.3
4557.1
4569.1
4574.5
4600.8
4607.7
4610.5
4610.8
4611.0
4613.8
4628.1
4637.4
4637.9
4669.5
4671.3
4677.9
4680.0
4688.0
4706.4
4707.1
4712.5
4712.8
4714.6
4726.7
4727.4
4750.4
4766.2
4772.0
4772.0
4781.3
4784.6
4784.8
4795.2
4801.0
4823.5
4824.4
4826.5
4833.1
4836.2
4841.9
4847.3
4852.4
4852.9
4856.9
4872.4
4873.4
4880.6
4880.9
4881.1
4898.0
4901.5
4901.9
4909.2
4909.2
4909.2
4912.7
4920.0
4953.3
4954.0
4955.5
4968.0
4968.3
5006.8
5006.8
5008.3
5015.6
5037.3
5054.6
5054.6
5072.5
5079.2
5086.6
5087.9
5094.0
5095.2
5103.5
5109.4
5112.3
5128.4
5129.5
5129.7
5133.1
5156.2
5174.9
5176.9
5203.5
5233.5
5240.4
5241.1
5243.2
5255.0
5262.3
5262.7
5276.5
5281.1
5313.8
5318.3
5347.2
5358.0
5360.5
5361.1
5363.7
5381.5
5412.0
5421.6
5428.6
5462.8
5471.0
5483.0
5483.1
5483.3
5486.6
5492.2
5502.4
5507.8
5512.0
5517.7
5517.9
5524.8
5528.5
5532.8
5539.8
5540.6
5565.3
5565.9
5574.6
5575.4
5583.0
5595.5
5599.9
5601.6
5603.8
5604.1
5616.6
5622.6
5643.7
5644.0
5658.0
5667.0
5673.3
5678.5
5699.8
5707.4
5707.8
5709.1
5715.7
5716.3
5737.6
5742.0
5744.6
5756.3
5759.8
5767.8
5777.6
5787.2
5790.2
5794.3
5798.2
5804.0
5809.7
5809.7
5826.6
5848.3
5852.4
5868.8
5869.0
5870.1
5892.3
5925.3
5935.2
5945.5
6000.2
6018.5
6022.5
6034.9
6036.4
6040.8
6050.3
6056.2
6073.7
6105.8
6111.0
6140.7
6147.0
6149.6
6157.5
6159.9
6166.8
6181.6
6187.0
6188.2
6191.0
6191.6
6193.7
6199.3
6221.0
6221.8
6227.3
6235.3
6237.6
6254.0
6260.0
6263.9
6266.4
6275.4
6280.5
6301.1
6322.9
6360.4
6362.7
6363.4
6370.6
6382.7
6398.3
6399.8
6406.6
6407.9
6433.0
6444.4
6445.7
6446.9
6449.5
6450.0
6451.9
6461.8
6462.7
6463.4
6471.5
6475.1
6476.8
6479.2
6488.3
6490.7
6512.7
6545.3
6555.0
6555.2
6582.0
6605.9
6607.1
6616.7
6623.4
6624.1
6625.2
6631.0
6635.6
6637.5
6644.6
6690.5
6695.3
6703.9
6726.0
6760.4
6765.3
6767.2
6768.4
6769.6
6771.0
6789.0
6802.1
6816.4
6832.6
6865.4
6885.1
6918.4
6922.2
6944.2
6957.5
6960.2
6973.6
6990.9
7027.2
7075.0
7082.9
7092.0
7114.5
7126.5
7128.2
7133.8
7144.1
7193.0
7201.4
7202.7
7206.8
7212.8
7218.4
7221.4
7266.3
7281.3
7302.6
7305.3
7308.5
7309.5
7329.3
7353.0
7354.9
7371.5
7392.6
7403.9
7412.9
7415.6
7430.3
7453.3
7458.9
7468.8
7475.1
7480.1
7482.0
7485.3
7489.5
7506.1
7517.6
7528.7
7604.7
7615.7
7659.7
7682.7
7702.2
7708.1
7723.5
7723.9
7730.1
7741.8
7741.9
7758.3
7763.5
7802.1
7822.0
7827.9
7837.2
7842.6
7855.0
7856.7
7857.4
7887.9
7940.3
7943.3
7945.8
7957.2
7985.5
7996.5
8024.2
8029.5
8035.5
8065.5
8073.0
8108.5
8118.5
8135.2
8136.5
8146.0
8150.9
8151.0
8164.8
8183.6
8189.4
8190.0
8198.7
8214.7
8223.4
8246.5
8255.5
8304.3
8327.2
8333.8
8347.9
8352.9
8363.9
8366.6
8380.3
8398.2
8402.9
8404.0
8417.4
8421.2
8423.6
8446.4
8481.7
8488.7
8494.6
8499.0
8499.0
8524.7
8569.8
8580.0
8607.3
8626.7
8645.0
8653.4
8701.9
8702.2
8732.4
8746.6
8746.7
8756.7
8763.6
8765.1
8825.8
8840.3
8892.7
8895.9
8906.9
8914.2
8925.4
8926.3
8943.0
8963.9
8986.1
8988.2
8993.1
9006.5
9021.8
9098.2
9099.7
9101.6
9118.6
9175.6
9176.0
9185.1
9193.1
9204.4
9216.1
9234.8
9240.9
9246.2
9247.5
9265.4
9269.3
9272.8
9339.1
9347.1
9373.3
9374.8
9458.5
9491.8
9499.9
9516.2
9518.2
9526.4
9532.4
9562.8
9635.6
9641.6
9661.2
9669.2
9674.8
9676.6
9689.5
9712.5
9740.5
9747.2
9771.9
9776.0
9811.1
9829.2
9839.1
9882.3
9882.4
9914.3
9947.6
9951.2
10013.4
10045.6
10056.9
10093.9
10098.3
10114.2
10125.0
10162.8
10162.8
10187.6
10194.1
10196.5
10233.7
10283.8
10313.7
10345.0
10349.8
10367.6
10372.1
10388.8
10391.8
10407.3
10426.0
10432.1
10455.9
10481.7
10491.5
10524.1
10538.9
10539.8
10578.1
10596.4
10598.6
10602.9
10603.1
10614.1
10619.1
10621.6
10633.7
10661.0
10680.2
10698.0
10736.5
10774.4
10841.1
10853.6
10858.7
10861.3
10872.6
10892.5
10895.7
10904.1
10913.2
10923.5
10957.5
10969.9
10972.2
10974.2
10994.2
11001.8
11049.0
11063.1
11064.1
11065.2
11066.5
11083.6
11087.9
11121.4
11123.5
11124.6
11127.8
11136.5
11168.9
11192.9
11219.5
11238.4
11257.6
11269.7
11302.3
11321.1
11350.5
11371.9
11403.5
11445.3
11458.9
11462.2
11475.5
11477.3
11634.6
11641.2
11645.7
11657.2
11677.0
11749.0
11760.3
11770.6
11795.1
11796.9
11812.2
11817.8
11857.3
11893.2
11907.2
11923.8
11945.6
11979.5
11991.8
12023.0
12031.5
12088.0
12093.0
12116.2
12155.3
12171.2
12181.3
12207.0
12221.3
12235.9
12251.1
12258.1
12280.0
12360.3
12363.3
12426.7
12432.9
12433.6
12464.2
12468.7
12480.7
12485.7
12488.1
12526.1
12533.0
12536.9
12570.6
12605.6
12630.3
12717.2
12817.9
12831.8
12833.9
12863.9
12890.5
12915.4
12967.1
12980.8
13022.5
13024.3
13029.4
13086.7
13097.6
13119.1
13128.2
13202.2
13236.2
13279.7
13329.0
13330.3
13342.1
13378.9
13416.0
13438.4
13452.3
13473.9
13550.4
13555.8
13579.1
13584.5
13617.7
13677.9
13678.7
13725.0
13771.5
13790.7
13817.0
13837.5
13858.3
13911.0
13915.0
13916.1
14005.9
14006.8
14024.3
14049.0
14058.6
14059.6
14135.3
14229.0
14232.0
14251.7
14309.8
14309.9
14309.9
14354.9
14366.3
14386.9
14390.4
14419.9
14424.1
14425.2
14460.4
14495.6
14512.6
14532.1
14532.3
14608.2
14621.2
14645.8
14645.8
14667.3
14683.8
14684.2
14715.7
14749.7
14757.3
14763.9
14765.0
14819.5
14845.9
14851.5
14859.3
14883.5
14948.1
14951.8
14975.6
14978.0
15012.0
15048.7
15056.2
15074.4
15108.5
15141.2
15172.3
15180.4
15184.5
15195.7
15235.8
15293.8
15299.8
15391.0
15423.7
15433.0
15449.1
15456.3
15464.8
15468.8
15517.2
15539.8
15554.3
15566.4
15583.0
15603.4
15610.2
15616.7
15650.2
15736.2
15758.0
15775.4
15778.5
15794.8
15798.2
15887.5
15899.1
15992.3
16006.2
16033.2
16037.7
16050.5
16063.1
16063.3
16130.0
16233.0
16279.1
16289.5
16306.1
16363.5
16367.8
16378.5
16476.2
16610.7
16656.6
16716.4
16717.7
16717.7
16738.9
16777.9
16831.8
16835.0
16844.9
16851.9
16883.7
16889.4
16894.3
16906.1
16927.8
16936.5
16950.8
16993.2
16995.6
17005.4
17008.2
17009.4
17098.4
17103.6
17111.1
17114.1
17117.1
17145.0
17159.0
17192.0
17350.8
17350.8
17466.7
17474.3
17532.4
17557.4
17567.1
17568.4
17651.5
17654.9
17684.7
17685.4
17705.2
17737.6
17769.2
17794.6
17806.8
17847.1
17892.6
17904.2
17937.1
17974.8
17993.6
18002.8
18034.8
18053.5
18060.3
18060.3
18074.2
18133.3
18143.5
18248.1
18250.3
18278.1
18278.4
18307.8
18347.3
18383.4
18390.9
18398.3
18411.3
18481.0
18482.0
18510.3
18566.5
18581.9
18593.5
18610.3
18641.3
18656.9
18704.4
18725.2
18742.8
18747.7
18815.9
18817.3
18847.9
18896.4
18904.7
19011.9
19012.9
19018.2
19056.2
19082.6
19084.2
19095.5
19140.3
19142.2
19163.5
19202.2
19242.1
19252.4
19293.1
19326.3
19365.6
19385.6
19405.0
19425.1
19441.0
19445.1
19446.8
19499.7
19502.5
19524.7
19562.5
19591.6
19597.8
19602.6
19626.0
19655.9
19695.4
19844.0
19884.6
19885.9
19894.0
19972.0
20004.7
20113.9
20133.3
20221.2
20265.6
20282.4
20338.7
20352.5
20418.3
20422.7
20478.6
20488.2
20513.5
20554.3
20578.2
20592.7
20699.3
20823.4
20840.5
20851.3
20969.0
20998.4
21024.2
21054.1
21059.9
21102.8
21171.6
21203.8
21204.9
21226.7
21280.6
21369.8
21384.5
21394.8
21448.5
21529.1
21560.8
21573.1
21575.6
21598.0
21809.2
22052.2
22055.1
22087.8
22115.4
22133.0
22161.1
22161.6
22182.4
22260.4
22292.2
22294.2
22296.2
22327.0
22329.4
22345.1
22395.1
22400.8
22528.6
22585.6
22636.5
22653.1
22697.5
22716.2
22717.2
22787.5
22821.4
22936.8
23069.4
23094.3
23179.9
23380.0
23527.2
23570.4
23600.7
23608.0
23654.0
23703.3
23720.7
23762.1
23766.7
23807.7
23810.3
23871.3
23901.0
23946.0
23955.3
23976.6
24038.5
24040.6
24071.9
24085.7
24091.2
24134.8
24137.0
24180.5
24309.0
24353.8
24471.1
24551.5
24557.9
24651.2
24661.6
24698.6
24780.6
24797.2
24804.3
24992.1
25002.4
25024.7
25100.5
25178.5
25194.3
25198.6
25199.3
25247.9
25275.1
25325.3
25438.5
25526.4
25629.9
25710.2
25770.2
25889.5
25908.8
26221.0
26283.5
26326.3
26338.8
26421.6
26426.4
26438.9
26448.1
26493.3
26500.1
26660.3
26660.3
26679.0
26685.2
26687.7
26804.4
26823.9
26824.7
27058.6
27061.4
27103.6
27152.8
27166.4
27240.6
27280.7
27285.1
27422.7
27572.1
27584.7
27609.3
27767.0
27797.6
27815.0
27838.8
27865.1
27904.5
27922.7
27995.5
27998.0
28246.7
28256.6
28349.9
28403.4
28593.4
28723.9
28731.7
28770.1
28796.4
28808.5
28841.6
28936.6
29149.6
29190.2
29214.5
29226.3
29273.7
29297.4
29416.5
29439.1
29561.7
29622.5
29745.4
29829.8
29872.6
29926.7
29947.6
29983.1
30042.6
30100.7
30267.1
30278.3
30289.9
30313.2
30446.5
30484.2
30558.7
30715.3
30718.0
30846.0
30876.4
30915.6
30932.3
31039.9
31064.7
31067.0
31139.8
31408.8
31408.8
31419.2
31507.0
31570.2
31624.3
31804.5
31825.2
31827.1
31902.2
31937.2
32062.1
32102.7
32222.1
32235.1
32341.9
32387.2
32402.8
32496.5
32512.2
32666.9
32750.8
32832.3
32914.5
32977.5
33086.5
33322.5
33358.9
33510.8
33542.7
33833.7
33871.0
34034.2
34217.7
34240.7
34321.5
34327.1
34455.4
34529.4
34569.1
34636.3
34781.5
34954.0
35008.4
35060.6
35075.0
35095.3
35109.3
35154.0
35217.9
35313.8
35320.5
35463.9
35678.1
35801.4
35856.2
35950.3
36039.8
36045.5
36098.2
36123.8
36214.1
36302.0
36304.6
36345.4
36414.2
36423.0
36472.2
36583.9
36724.6
36724.6
36798.0
36799.5
36847.1
36944.0
36956.2
36989.5
37023.9
37112.5
37117.2
37133.7
37203.4
37390.1
37421.7
37510.6
37530.3
37646.0
37705.6
37782.9
37988.1
38144.0
38192.3
38361.1
38434.5
38572.8
38671.1
38778.5
38826.6
38931.5
38970.5
39054.6
39084.0
39147.9
39239.9
39355.9
39377.6
39424.3
39548.1
39589.7
39616.6
39627.3
39778.0
40086.2
40229.0
40260.7
40346.4
40567.5
40623.2
40710.6
40816.8
41384.1
41595.8
41634.7
42582.6
43379.6
