0.0001
0.0001
0.0001
0.0001
0.0001
0.0001
0.0001
0.0001
0.0001
0.0001
0.0001
0.0001
0.00011
0.00011
0.00011
0.00011
0.00011
0.00011
0.00011
0.00011
0.00011
0.00011
0.00011
0.00011
0.00012
0.00012
0.00012
0.00012
0.00012
0.00012
0.00012
0.00012
0.00012
0.00012
0.00012
0.00012
0.00012
0.00012
0.00012
0.00012
0.00013
0.00013
0.00013
0.00013
0.00013
0.00013
0.00013
0.00013
0.00013
0.00013
0.00013
0.00013
0.00013
0.00013
0.00013
0.00013
0.00013
0.00013
0.00013
0.00013
0.00013
0.00013
0.00013
0.00013
0.00013
0.00014
0.00014
0.00014
0.00014
0.00014
0.00014
0.00014
0.00014
0.00014
0.00014
0.00014
0.00014
0.00014
0.00014
0.00014
0.00015
0.00015
0.00015
0.00015
0.00015
0.00015
0.00015
0.00015
0.00015
0.00015
0.00015
0.00015
0.00015
0.00015
0.00015
0.00015
0.00015
0.00015
0.00015
0.00016
0.00016
0.00016
0.00016
0.00016
0.00016
0.00016
0.00016
0.00016
0.00016
0.00016
0.00016
0.00016
0.00016
0.00016
0.00016
0.00016
0.00016
0.00016
0.00016
0.00017
0.00017
0.00017
0.00017
0.00017
0.00017
0.00017
0.00017
0.00017
0.00017
0.00017
0.00017
0.00017
0.00017
0.00017
0.00017
0.00017
0.00017
0.00017
0.00017
0.00018
0.00018
0.00018
0.00018
0.00018
0.00018
0.00018
0.00018
0.00018
0.00018
0.00018
0.00018
0.00018
0.00018
0.00018
0.00018
0.00018
0.00019
0.00019
0.00019
0.00019
0.00019
0.00019
0.00019
0.00019
0.00019
0.00019
0.00019
0.00019
0.00019
0.00019
0.00019
0.00019
0.00019
0.00019
0.00019
0.00019
0.00019
0.00019
0.00019
0.00019
0.0002
0.0002
0.0002
0.0002
0.0002
0.0002
0.0002
0.0002
0.0002
0.0002
0.0002
0.0002
0.0002
0.0002
0.0002
0.0002
0.0002
0.0002
0.0002
0.0002
0.0002
0.0002
0.0002
0.0002
0.00021
0.00021
0.00021
0.00021
0.00021
0.00021
0.00021
0.00021
0.00021
0.00021
0.00021
0.00021
0.00021
0.00021
0.00021
0.00022
0.00022
0.00022
0.00022
0.00022
0.00022
0.00022
0.00022
0.00022
0.00022
0.00022
0.00022
0.00022
0.00022
0.00022
0.00022
0.00023
0.00023
0.00023
0.00023
0.00023
0.00023
0.00023
0.00023
0.00023
0.00023
0.00023
0.00024
0.00024
0.00024
0.00024
0.00024
0.00024
0.00024
0.00024
0.00024
0.00024
0.00024
0.00024
0.00024
0.00024
0.00024
0.00025
0.00025
0.00025
0.00025
0.00025
0.00025
0.00025
0.00025
0.00025
0.00025
0.00025
0.00025
0.00025
0.00025
0.00025
0.00025
0.00025
0.00025
0.00026
0.00026
0.00026
0.00026
0.00026
0.00026
0.00026
0.00026
0.00026
0.00026
0.00026
0.00026
0.00027
0.00027
0.00027
0.00027
0.00027
0.00027
0.00027
0.00027
0.00027
0.00027
0.00027
0.00027
0.00027
0.00028
0.00028
0.00028
0.00028
0.00028
0.00028
0.00028
0.00028
0.00028
0.00028
0.00028
0.00028
0.00028
0.00028
0.00028
0.00028
0.00029
0.00029
0.00029
0.00029
0.00029
0.00029
0.00029
0.00029
0.00029
0.00029
0.00029
0.00029
0.00029
0.00029
0.00029
0.0003
0.0003
0.0003
0.0003
0.0003
0.0003
0.0003
0.0003
0.0003
0.0003
0.0003
0.0003
0.00031
0.00031
0.00031
0.00031
0.00031
0.00031
0.00031
0.00031
0.00031
0.00031
0.00032
0.00032
0.00032
0.00032
0.00032
0.00032
0.00032
0.00032
0.00032
0.00032
0.00032
0.00032
0.00032
0.00032
0.00033
0.00033
0.00033
0.00033
0.00033
0.00033
0.00033
0.00033
0.00033
0.00033
0.00033
0.00033
0.00033
0.00033
0.00034
0.00034
0.00034
0.00034
0.00034
0.00034
0.00034
0.00034
0.00034
0.00034
0.00034
0.00034
0.00034
0.00034
0.00034
0.00034
0.00034
0.00034
0.00034
0.00034
0.00035
0.00035
0.00035
0.00035
0.00035
0.00035
0.00035
0.00035
0.00035
0.00035
0.00036
0.00036
0.00036
0.00036
0.00036
0.00036
0.00036
0.00036
0.00036
0.00036
0.00036
0.00036
0.00036
0.00036
0.00036
0.00036
0.00036
0.00037
0.00037
0.00037
0.00037
0.00037
0.00037
0.00037
0.00037
0.00037
0.00037
0.00037
0.00037
0.00037
0.00038
0.00038
0.00038
0.00038
0.00038
0.00038
0.00038
0.00038
0.00038
0.00038
0.00038
0.00038
0.00039
0.00039
0.00039
0.00039
0.00039
0.00039
0.00039
0.00039
0.00039
0.00039
0.00039
0.00039
0.00039
0.00039
0.00039
0.00039
0.00039
0.0004
0.0004
0.0004
0.0004
0.0004
0.0004
0.0004
0.00041
0.00041
0.00041
0.00041
0.00041
0.00041
0.00041
0.00041
0.00041
0.00041
0.00041
0.00042
0.00042
0.00042
0.00042
0.00042
0.00042
0.00042
0.00042
0.00042
0.00042
0.00042
0.00042
0.00042
0.00043
0.00043
0.00043
0.00043
0.00043
0.00043
0.00043
0.00043
0.00043
0.00043
0.00043
0.00043
0.00043
0.00043
0.00043
0.00044
0.00044
0.00044
0.00044
0.00044
0.00044
0.00044
0.00044
0.00044
0.00044
0.00044
0.00044
0.00044
0.00044
0.00044
0.00044
0.00044
0.00044
0.00045
0.00045
0.00045
0.00045
0.00045
0.00045
0.00045
0.00045
0.00045
0.00045
0.00045
0.00045
0.00045
0.00045
0.00046
0.00046
0.00046
0.00046
0.00046
0.00046
0.00046
0.00047
0.00047
0.00047
0.00047
0.00047
0.00047
0.00047
0.00048
0.00048
0.00048
0.00048
0.00048
0.00048
0.00048
0.00048
0.00048
0.00048
0.00048
0.00048
0.00049
0.00049
0.00049
0.00049
0.00049
0.0005
0.0005
0.0005
0.0005
0.0005
0.0005
0.00051
0.00051
0.00051
0.00051
0.00051
0.00051
0.00051
0.00052
0.00052
0.00052
0.00052
0.00052
0.00052
0.00052
0.00052
0.00052
0.00053
0.00053
0.00053
0.00053
0.00053
0.00053
0.00053
0.00053
0.00053
0.00054
0.00054
0.00054
0.00054
0.00054
0.00054
0.00054
0.00054
0.00054
0.00054
0.00054
0.00055
0.00055
0.00055
0.00055
0.00055
0.00055
0.00055
0.00055
0.00056
0.00056
0.00056
0.00056
0.00056
0.00056
0.00056
0.00056
0.00056
0.00056
0.00056
0.00056
0.00056
0.00056
0.00056
0.00057
0.00057
0.00057
0.00057
0.00057
0.00057
0.00057
0.00057
0.00057
0.00057
0.00057
0.00057
0.00058
0.00058
0.00058
0.00058
0.00058
0.00058
0.00058
0.00059
0.00059
0.00059
0.00059
0.00059
0.00059
0.00059
0.00059
0.00059
0.00059
0.0006
0.0006
0.0006
0.0006
0.0006
0.0006
0.0006
0.0006
0.0006
0.00061
0.00061
0.00061
0.00061
0.00061
0.00061
0.00061
0.00062
0.00062
0.00062
0.00062
0.00062
0.00062
0.00062
0.00062
0.00062
0.00062
0.00062
0.00062
0.00062
0.00062
0.00062
0.00063
0.00063
0.00063
0.00063
0.00063
0.00063
0.00063
0.00063
0.00063
0.00063
0.00063
0.00063
0.00064
0.00064
0.00064
0.00064
0.00064
0.00064
0.00064
0.00064
0.00064
0.00064
0.00064
0.00064
0.00064
0.00064
0.00065
0.00065
0.00065
0.00065
0.00065
0.00065
0.00065
0.00065
0.00065
0.00065
0.00065
0.00065
0.00065
0.00066
0.00066
0.00066
0.00066
0.00066
0.00066
0.00066
0.00066
0.00066
0.00066
0.00066
0.00066
0.00066
0.00067
0.00067
0.00067
0.00067
0.00067
0.00067
0.00067
0.00067
0.00067
0.00068
0.00068
0.00068
0.00068
0.00068
0.00068
0.00068
0.00068
0.00068
0.00069
0.00069
0.00069
0.00069
0.00069
0.00069
0.0007
0.0007
0.0007
0.0007
0.0007
0.0007
0.0007
0.0007
0.00071
0.00071
0.00071
0.00071
0.00071
0.00071
0.00072
0.00072
0.00072
0.00072
0.00072
0.00072
0.00072
0.00073
0.00073
0.00073
0.00073
0.00073
0.00073
0.00073
0.00073
0.00073
0.00073
0.00074
0.00074
0.00074
0.00074
0.00074
0.00074
0.00074
0.00074
0.00074
0.00074
0.00074
0.00074
0.00074
0.00074
0.00075
0.00075
0.00075
0.00075
0.00075
0.00075
0.00075
0.00076
0.00076
0.00076
0.00076
0.00076
0.00076
0.00076
0.00076
0.00076
0.00076
0.00076
0.00077
0.00077
0.00077
0.00077
0.00077
0.00077
0.00077
0.00077
0.00077
0.00078
0.00078
0.00078
0.00078
0.00078
0.00078
0.00078
0.00078
0.00078
0.00079
0.00079
0.00079
0.00079
0.00079
0.00079
0.00079
0.00079
0.00079
0.0008
0.0008
0.0008
0.0008
0.0008
0.0008
0.0008
0.0008
0.0008
0.0008
0.0008
0.00081
0.00081
0.00081
0.00081
0.00081
0.00081
0.00081
0.00081
0.00081
0.00081
0.00081
0.00082
0.00082
0.00082
0.00082
0.00082
0.00082
0.00082
0.00082
0.00082
0.00082
0.00082
0.00083
0.00083
0.00083
0.00083
0.00083
0.00083
0.00083
0.00083
0.00083
0.00083
0.00083
0.00083
0.00084
0.00084
0.00084
0.00084
0.00084
0.00084
0.00084
0.00084
0.00084
0.00085
0.00085
0.00085
0.00085
0.00085
0.00085
0.00085
0.00085
0.00085
0.00086
0.00086
0.00086
0.00086
0.00086
0.00086
0.00086
0.00087
0.00087
0.00087
0.00087
0.00087
0.00087
0.00087
0.00087
0.00088
0.00088
0.00088
0.00088
0.00088
0.00088
0.00088
0.00089
0.00089
0.00089
0.00089
0.00089
0.00089
0.00089
0.00089
0.00089
0.00089
0.00089
0.00089
0.0009
0.0009
0.0009
0.0009
0.00091
0.00091
0.00091
0.00091
0.00091
0.00091
0.00091
0.00091
0.00091
0.00091
0.00091
0.00091
0.00091
0.00091
0.00091
0.00092
0.00092
0.00092
0.00092
0.00092
0.00092
0.00092
0.00092
0.00092
0.00092
0.00092
0.00092
0.00093
0.00093
0.00093
0.00093
0.00093
0.00093
0.00093
0.00093
0.00093
0.00093
0.00093
0.00094
0.00094
0.00094
0.00094
0.00094
0.00094
0.00094
0.00095
0.00095
0.00095
0.00095
0.00095
0.00095
0.00095
0.00095
0.00096
0.00096
0.00096
0.00096
0.00096
0.00096
0.00096
0.00096
0.00096
0.00097
0.00097
0.00097
0.00097
0.00097
0.00097
0.00097
0.00097
0.00097
0.00098
0.00098
0.00098
0.00098
0.00098
0.00098
0.00098
0.00098
0.00098
0.00099
0.00099
0.00099
0.00099
0.00099
0.00099
0.001
0.001
0.001
0.001
0.001
0.001
0.001
0.00101
0.00101
0.00101
0.00101
0.00101
0.00101
0.00101
0.00101
0.00101
0.00102
0.00102
0.00102
0.00102
0.00102
0.00102
0.00102
0.00103
0.00103
0.00103
0.00103
0.00103
0.00103
0.00103
0.00103
0.00103
0.00104
0.00104
0.00104
0.00104
0.00104
0.00104
0.00104
0.00104
0.00105
0.00105
0.00105
0.00105
0.00106
0.00106
0.00106
0.00106
0.00106
0.00106
0.00106
0.00106
0.00107
0.00107
0.00107
0.00107
0.00107
0.00107
0.00107
0.00107
0.00107
0.00107
0.00108
0.00108
0.00108
0.00108
0.00108
0.00108
0.00109
0.00109
0.00109
0.00109
0.00109
0.00109
0.00109
0.00109
0.0011
0.0011
0.0011
0.0011
0.0011
0.0011
0.0011
0.0011
0.00111
0.00111
0.00111
0.00111
0.00111
0.00111
0.00111
0.00111
0.00112
0.00112
0.00112
0.00112
0.00112
0.00112
0.00113
0.00113
0.00113
0.00113
0.00114
0.00114
0.00114
0.00114
0.00114
0.00114
0.00114
0.00114
0.00114
0.00114
0.00115
0.00115
0.00115
0.00115
0.00115
0.00115
0.00115
0.00115
0.00115
0.00115
0.00115
0.00115
0.00115
0.00116
0.00116
0.00116
0.00116
0.00116
0.00116
0.00117
0.00117
0.00117
0.00118
0.00118
0.00118
0.00118
0.00118
0.00118
0.00118
0.00118
0.00118
0.00118
0.00119
0.00119
0.00119
0.00119
0.00119
0.0012
0.0012
0.0012
0.0012
0.00121
0.00121
0.00121
0.00122
0.00122
0.00122
0.00122
0.00122
0.00123
0.00123
0.00123
0.00123
0.00123
0.00123
0.00123
0.00123
0.00123
0.00123
0.00123
0.00124
0.00124
0.00124
0.00125
0.00125
0.00125
0.00125
0.00125
0.00125
0.00125
0.00126
0.00126
0.00126
0.00126
0.00126
0.00127
0.00127
0.00127
0.00127
0.00127
0.00127
0.00127
0.00128
0.00128
0.00128
0.00128
0.00128
0.00129
0.00129
0.00129
0.00129
0.0013
0.0013
0.0013
0.0013
0.0013
0.0013
0.00131
0.00131
0.00131
0.00131
0.00131
0.00131
0.00131
0.00131
0.00132
0.00132
0.00132
0.00132
0.00132
0.00133
0.00133
0.00133
0.00133
0.00133
0.00133
0.00133
0.00134
0.00134
0.00134
0.00134
0.00134
0.00134
0.00134
0.00135
0.00135
0.00136
0.00136
0.00136
0.00136
0.00136
0.00136
0.00137
0.00137
0.00137
0.00137
0.00138
0.00138
0.00138
0.00138
0.00138
0.00139
0.00139
0.00139
0.00139
0.00139
0.0014
0.0014
0.0014
0.0014
0.0014
0.00141
0.00141
0.00141
0.00141
0.00141
0.00141
0.00141
0.00141
0.00141
0.00141
0.00141
0.00142
0.00142
0.00142
0.00142
0.00142
0.00142
0.00142
0.00142
0.00143
0.00143
0.00143
0.00143
0.00143
0.00143
0.00143
0.00143
0.00143
0.00144
0.00144
0.00144
0.00144
0.00144
0.00144
0.00144
0.00145
0.00145
0.00145
0.00145
0.00145
0.00145
0.00145
0.00145
0.00145
0.00145
0.00145
0.00146
0.00146
0.00146
0.00146
0.00146
0.00146
0.00147
0.00147
0.00147
0.00148
0.00148
0.00149
0.00149
0.00149
0.00149
0.00149
0.00149
0.00149
0.00149
0.0015
0.0015
0.0015
0.0015
0.0015
0.0015
0.00151
0.00151
0.00151
0.00151
0.00151
0.00151
0.00151
0.00152
0.00152
0.00152
0.00152
0.00152
0.00152
0.00152
0.00152
0.00153
0.00153
0.00153
0.00153
0.00153
0.00154
0.00154
0.00154
0.00154
0.00154
0.00154
0.00155
0.00155
0.00155
0.00155
0.00157
0.00157
0.00157
0.00157
0.00157
0.00157
0.00157
0.00157
0.00157
0.00158
0.00158
0.00158
0.00159
0.00159
0.00159
0.00159
0.0016
0.0016
0.00161
0.00161
0.00161
0.00161
0.00161
0.00161
0.00162
0.00162
0.00162
0.00162
0.00163
0.00163
0.00163
0.00163
0.00163
0.00163
0.00163
0.00164
0.00164
0.00164
0.00164
0.00165
0.00165
0.00165
0.00165
0.00165
0.00165
0.00165
0.00165
0.00165
0.00166
0.00166
0.00166
0.00166
0.00166
0.00166
0.00166
0.00166
0.00167
0.00167
0.00167
0.00167
0.00167
0.00167
0.00167
0.00168
0.00168
0.00168
0.00168
0.00168
0.00169
0.00169
0.00169
0.00169
0.00169
0.00169
0.00169
0.00169
0.0017
0.0017
0.0017
0.0017
0.0017
0.0017
0.0017
0.0017
0.0017
0.00171
0.00171
0.00171
0.00172
0.00172
0.00173
0.00173
0.00173
0.00173
0.00173
0.00173
0.00173
0.00173
0.00173
0.00173
0.00173
0.00173
0.00174
0.00174
0.00174
0.00174
0.00174
0.00175
0.00175
0.00175
0.00175
0.00175
0.00176
0.00176
0.00176
0.00176
0.00176
0.00176
0.00176
0.00177
0.00177
0.00177
0.00177
0.00177
0.00177
0.00177
0.00177
0.00177
0.00177
0.00177
0.00177
0.00177
0.00177
0.00178
0.00178
0.00178
0.00179
0.00179
0.00179
0.00179
0.00179
0.0018
0.0018
0.0018
0.0018
0.0018
0.0018
0.0018
0.0018
0.00181
0.00181
0.00181
0.00181
0.00182
0.00182
0.00182
0.00182
0.00182
0.00182
0.00183
0.00183
0.00183
0.00183
0.00183
0.00183
0.00183
0.00183
0.00184
0.00184
0.00184
0.00184
0.00184
0.00185
0.00185
0.00185
0.00185
0.00185
0.00185
0.00185
0.00185
0.00186
0.00186
0.00187
0.00187
0.00187
0.00187
0.00187
0.00187
0.00187
0.00188
0.00188
0.00188
0.00188
0.00188
0.00188
0.00188
0.00189
0.00189
0.00189
0.00189
0.00189
0.0019
0.0019
0.0019
0.0019
0.0019
0.00191
0.00191
0.00191
0.00191
0.00191
0.00192
0.00192
0.00192
0.00192
0.00192
0.00192
0.00193
0.00193
0.00193
0.00193
0.00193
0.00193
0.00193
0.00193
0.00193
0.00194
0.00194
0.00194
0.00195
0.00195
0.00195
0.00195
0.00195
0.00195
0.00196
0.00196
0.00196
0.00196
0.00196
0.00197
0.00197
0.00197
0.00197
0.00197
0.00197
0.00197
0.00197
0.00198
0.00198
0.00198
0.00198
0.00199
0.00199
0.00199
0.00199
0.002
0.002
0.002
0.002
0.002
0.00201
0.00201
0.00201
0.00201
0.00202
0.00202
0.00202
0.00202
0.00203
0.00203
0.00203
0.00204
0.00204
0.00205
0.00205
0.00205
0.00205
0.00205
0.00207
0.00208
0.00208
0.00208
0.00209
0.00209
0.00209
0.00209
0.00209
0.00209
0.0021
0.0021
0.0021
0.0021
0.00211
0.00211
0.00211
0.00211
0.00211
0.00212
0.00212
0.00212
0.00212
0.00212
0.00213
0.00213
0.00213
0.00213
0.00213
0.00214
0.00214
0.00214
0.00214
0.00214
0.00215
0.00215
0.00215
0.00215
0.00215
0.00215
0.00215
0.00216
0.00216
0.00216
0.00216
0.00216
0.00216
0.00216
0.00216
0.00217
0.00217
0.00217
0.00218
0.00219
0.00219
0.00219
0.0022
0.0022
0.0022
0.0022
0.0022
0.0022
0.0022
0.0022
0.00221
0.00221
0.00221
0.00221
0.00222
0.00222
0.00222
0.00222
0.00222
0.00222
0.00223
0.00223
0.00223
0.00223
0.00224
0.00224
0.00224
0.00224
0.00224
0.00224
0.00224
0.00224
0.00225
0.00225
0.00225
0.00225
0.00225
0.00225
0.00227
0.00227
0.00227
0.00227
0.00228
0.00228
0.00228
0.00228
0.00228
0.00228
0.00229
0.00229
0.00229
0.00229
0.00229
0.00229
0.0023
0.0023
0.0023
0.0023
0.00231
0.00231
0.00231
0.00232
0.00232
0.00233
0.00233
0.00233
0.00233
0.00234
0.00234
0.00235
0.00235
0.00236
0.00236
0.00236
0.00236
0.00237
0.00237
0.00237
0.00237
0.00237
0.00238
0.00238
0.00238
0.00239
0.00239
0.0024
0.0024
0.0024
0.0024
0.0024
0.00241
0.00241
0.00241
0.00241
0.00241
0.00242
0.00242
0.00242
0.00242
0.00242
0.00243
0.00243
0.00243
0.00244
0.00244
0.00245
0.00245
0.00245
0.00245
0.00245
0.00245
0.00245
0.00245
0.00246
0.00247
0.00247
0.00247
0.00248
0.00248
0.00248
0.00248
0.00249
0.00249
0.0025
0.0025
0.0025
0.0025
0.0025
0.0025
0.00251
0.00251
0.00252
0.00252
0.00252
0.00253
0.00253
0.00254
0.00254
0.00254
0.00254
0.00254
0.00254
0.00254
0.00254
0.00254
0.00255
0.00255
0.00255
0.00255
0.00255
0.00255
0.00256
0.00256
0.00256
0.00256
0.00257
0.00257
0.00257
0.00257
0.00257
0.00257
0.00257
0.00258
0.00258
0.00258
0.00258
0.00259
0.00259
0.00259
0.0026
0.0026
0.0026
0.0026
0.00261
0.00261
0.00261
0.00262
0.00262
0.00262
0.00262
0.00262
0.00262
0.00263
0.00263
0.00263
0.00264
0.00264
0.00265
0.00265
0.00265
0.00265
0.00265
0.00265
0.00266
0.00266
0.00266
0.00266
0.00266
0.00266
0.00267
0.00267
0.00267
0.00268
0.00268
0.00268
0.00268
0.00268
0.00269
0.00269
0.00269
0.00269
0.0027
0.0027
0.00271
0.00272
0.00272
0.00272
0.00272
0.00272
0.00272
0.00273
0.00274
0.00274
0.00275
0.00275
0.00276
0.00276
0.00277
0.00277
0.00277
0.00278
0.00278
0.00278
0.00278
0.00278
0.00278
0.00279
0.00279
0.00279
0.0028
0.0028
0.0028
0.0028
0.00281
0.00281
0.00281
0.00281
0.00282
0.00282
0.00282
0.00283
0.00284
0.00285
0.00285
0.00286
0.00287
0.00287
0.00288
0.00288
0.00288
0.00288
0.00289
0.0029
0.00291
0.00291
0.00291
0.00291
0.00292
0.00292
0.00293
0.00294
0.00294
0.00294
0.00295
0.00295
0.00295
0.00296
0.00296
0.00296
0.00297
0.00297
0.00297
0.00298
0.00298
0.00298
0.00299
0.00299
0.00299
0.003
0.00301
0.00301
0.00302
0.00302
0.00303
0.00303
0.00303
0.00303
0.00303
0.00304
0.00304
0.00304
0.00305
0.00306
0.00306
0.00306
0.00306
0.00307
0.00307
0.00308
0.00308
0.00309
0.00309
0.00309
0.0031
0.0031
0.00311
0.00311
0.00311
0.00312
0.00312
0.00312
0.00313
0.00313
0.00313
0.00313
0.00313
0.00313
0.00314
0.00314
0.00314
0.00314
0.00315
0.00316
0.00316
0.00316
0.00317
0.00317
0.00317
0.00317
0.00317
0.00317
0.00318
0.00318
0.00318
0.00319
0.00319
0.00319
0.0032
0.00321
0.00321
0.00321
0.00321
0.00322
0.00323
0.00323
0.00323
0.00324
0.00324
0.00324
0.00324
0.00325
0.00326
0.00326
0.00326
0.00327
0.00327
0.00327
0.00327
0.00328
0.00328
0.00329
0.00329
0.00329
0.0033
0.0033
0.0033
0.00331
0.00331
0.00331
0.00332
0.00332
0.00332
0.00333
0.00334
0.00334
0.00334
0.00334
0.00335
0.00336
0.00336
0.00336
0.00336
0.00336
0.00336
0.00336
0.00337
0.00337
0.00337
0.00338
0.00338
0.00338
0.00338
0.00339
0.00339
0.0034
0.00341
0.00341
0.00341
0.00341
0.00342
0.00342
0.00342
0.00343
0.00343
0.00343
0.00343
0.00343
0.00344
0.00344
0.00344
0.00345
0.00345
0.00345
0.00347
0.00347
0.00347
0.00348
0.00348
0.00348
0.00348
0.00349
0.00351
0.00351
0.00352
0.00352
0.00352
0.00353
0.00353
0.00353
0.00354
0.00355
0.00355
0.00355
0.00356
0.00356
0.00356
0.00357
0.00357
0.00357
0.00357
0.00357
0.00358
0.00359
0.00359
0.0036
0.0036
0.0036
0.0036
0.00361
0.00361
0.00362
0.00362
0.00363
0.00363
0.00364
0.00364
0.00365
0.00365
0.00365
0.00366
0.00366
0.00366
0.00369
0.00369
0.00369
0.00369
0.00369
0.00369
0.0037
0.00371
0.00371
0.00371
0.00372
0.00373
0.00373
0.00373
0.00374
0.00374
0.00374
0.00375
0.00375
0.00375
0.00375
0.00376
0.00376
0.00377
0.00378
0.00378
0.00379
0.00381
0.00381
0.00382
0.00382
0.00383
0.00383
0.00383
0.00383
0.00383
0.00384
0.00384
0.00384
0.00384
0.00386
0.00387
0.00388
0.00389
0.0039
0.0039
0.0039
0.00392
0.00392
0.00392
0.00392
0.00393
0.00394
0.00394
0.00394
0.00394
0.00394
0.00394
0.00395
0.00397
0.00397
0.00398
0.00398
0.00398
0.00398
0.00399
0.00399
0.00399
0.004
0.004
0.004
0.00401
0.00401
0.00401
0.00401
0.00401
0.00402
0.00402
0.00402
0.00403
0.00403
0.00404
0.00404
0.00404
0.00404
0.00405
0.00405
0.00407
0.00407
0.00407
0.00408
0.00408
0.00408
0.00409
0.00411
0.00412
0.00412
0.00412
0.00412
0.00413
0.00413
0.00414
0.00414
0.00414
0.00415
0.00416
0.00419
0.00419
0.00419
0.00419
0.0042
0.0042
0.00421
0.00421
0.00422
0.00423
0.00423
0.00423
0.00423
0.00423
0.00424
0.00424
0.00425
0.00426
0.00427
0.00428
0.00428
0.00428
0.00429
0.00429
0.00429
0.0043
0.0043
0.00432
0.00433
0.00434
0.00435
0.00435
0.00436
0.00437
0.00438
0.00438
0.00438
0.00438
0.00438
0.00439
0.00439
0.00439
0.0044
0.0044
0.0044
0.00442
0.00442
0.00442
0.00442
0.00443
0.00444
0.00444
0.00444
0.00444
0.00446
0.00447
0.00447
0.00447
0.00448
0.00448
0.00448
0.00449
0.0045
0.00451
0.00451
0.00451
0.00452
0.00452
0.00452
0.00453
0.00453
0.00453
0.00454
0.00455
0.00455
0.00455
0.00456
0.00458
0.00458
0.00459
0.00459
0.0046
0.00461
0.00461
0.00462
0.00463
0.00463
0.00463
0.00464
0.00464
0.00464
0.00464
0.00464
0.00464
0.00464
0.00466
0.00469
0.0047
0.0047
0.0047
0.00471
0.00471
0.00471
0.00473
0.00474
0.00475
0.00475
0.00476
0.00476
0.00478
0.00478
0.00478
0.00478
0.00479
0.00479
0.0048
0.0048
0.0048
0.0048
0.0048
0.00481
0.00481
0.00481
0.00483
0.00484
0.00485
0.00486
0.00486
0.00487
0.00487
0.00487
0.00487
0.00488
0.00488
0.00489
0.00489
0.00489
0.00489
0.00489
0.00489
0.0049
0.0049
0.0049
0.00491
0.00492
0.00493
0.00497
0.00498
0.00498
0.00499
0.00499
0.00499
0.005
0.005
0.005
0.00502
0.00502
0.00502
0.00503
0.00503
0.00503
0.00503
0.00504
0.00505
0.00505
0.00507
0.00507
0.00507
0.00507
0.00508
0.00509
0.00509
0.00511
0.00512
0.00513
0.00513
0.00514
0.00514
0.00514
0.00514
0.00515
0.00516
0.00516
0.00517
0.00518
0.00519
0.00519
0.0052
0.00521
0.00521
0.00521
0.00522
0.00523
0.00523
0.00524
0.00526
0.00527
0.00527
0.00527
0.00528
0.00528
0.00529
0.0053
0.00531
0.00532
0.00532
0.00533
0.00534
0.00534
0.00535
0.00539
0.0054
0.00541
0.00541
0.00542
0.00543
0.00544
0.00544
0.00545
0.00545
0.00545
0.00547
0.00547
0.00548
0.00548
0.00548
0.0055
0.0055
0.00552
0.00552
0.00553
0.00554
0.00554
0.00555
0.00557
0.00557
0.00557
0.00558
0.00559
0.0056
0.0056
0.00562
0.00563
0.00564
0.00564
0.00564
0.00564
0.00567
0.00568
0.00568
0.0057
0.0057
0.00571
0.00573
0.00573
0.00573
0.00574
0.00574
0.00575
0.00575
0.00576
0.00576
0.00577
0.00577
0.00577
0.00578
0.00581
0.00581
0.00582
0.00582
0.00583
0.00584
0.00587
0.00587
0.00588
0.00589
0.0059
0.0059
0.0059
0.00592
0.00593
0.00595
0.00596
0.00596
0.00599
0.00602
0.00603
0.00604
0.00604
0.00605
0.00606
0.00608
0.00608
0.00608
0.00609
0.00609
0.0061
0.0061
0.00612
0.00613
0.00614
0.00614
0.00614
0.00614
0.00616
0.00618
0.00618
0.00618
0.00618
0.00619
0.00619
0.0062
0.00621
0.00621
0.00623
0.00628
0.00629
0.00629
0.0063
0.00631
0.00631
0.00634
0.00634
0.00635
0.00635
0.00639
0.00644
0.00644
0.00644
0.00645
0.00645
0.00645
0.00645
0.00646
0.00646
0.00647
0.00649
0.00649
0.0065
0.0065
0.0065
0.00651
0.00651
0.00651
0.00652
0.00653
0.00654
0.00654
0.00655
0.00655
0.00655
0.00656
0.00657
0.00657
0.00658
0.00658
0.00658
0.00658
0.00658
0.0066
0.0066
0.00663
0.00663
0.00665
0.00667
0.00668
0.00669
0.0067
0.00674
0.00675
0.00675
0.00675
0.00675
0.00676
0.00676
0.00676
0.00678
0.00681
0.00683
0.00684
0.00686
0.00688
0.00689
0.0069
0.0069
0.0069
0.00692
0.00692
0.00692
0.00694
0.00697
0.00697
0.00697
0.00698
0.00698
0.00698
0.00698
0.00699
0.00699
0.00699
0.00701
0.00701
0.00703
0.00704
0.00709
0.00711
0.00711
0.00711
0.00714
0.00714
0.00715
0.00715
0.00715
0.00717
0.00717
0.00718
0.00718
0.00719
0.0072
0.00721
0.00723
0.00724
0.00725
0.00727
0.00727
0.00729
0.00729
0.00729
0.0073
0.00732
0.00733
0.00735
0.00738
0.00741
0.00742
0.00743
0.00746
0.00747
0.00747
0.00749
0.00749
0.00749
0.0075
0.00753
0.00753
0.0076
0.00761
0.00762
0.00765
0.00765
0.00768
0.0077
0.0077
0.00771
0.00772
0.00772
0.00772
0.00773
0.00774
0.00775
0.00776
0.00776
0.00778
0.0078
0.00781
0.00781
0.00783
0.00783
0.00785
0.00786
0.00788
0.00788
0.0079
0.00791
0.00792
0.00794
0.00796
0.00797
0.00801
0.00802
0.00803
0.00804
0.00804
0.00805
0.00806
0.00807
0.00807
0.00808
0.00809
0.00809
0.0081
0.0081
0.00817
0.00817
0.00821
0.00821
0.00822
0.00823
0.00823
0.00825
0.00826
0.00829
0.00829
0.0083
0.0083
0.0083
0.00831
0.00832
0.00832
0.00833
0.00839
0.00841
0.00841
0.00842
0.00843
0.00843
0.00844
0.00847
0.00848
0.00849
0.00849
0.00849
0.00849
0.00849
0.0085
0.0085
0.0085
0.00853
0.00855
0.00856
0.00857
0.00859
0.00861
0.00861
0.00862
0.00864
0.00869
0.0087
0.0087
0.00871
0.00871
0.00876
0.00877
0.00878
0.00878
0.00883
0.00893
0.00898
0.00899
0.009
0.00902
0.00904
0.0091
0.00913
0.00913
0.00914
0.00915
0.00916
0.00917
0.00917
0.00917
0.00918
0.00918
0.00921
0.00921
0.00921
0.00922
0.00922
0.00923
0.00927
0.0093
0.00937
0.00938
0.00938
0.00939
0.00942
0.00946
0.00947
0.00947
0.00948
0.0095
0.00951
0.00953
0.00956
0.00958
0.00961
0.00962
0.00963
0.00964
0.00965
0.00966
0.00967
0.00967
0.00968
0.00968
0.0097
0.00971
0.00973
0.00973
0.00975
0.00975
0.00977
0.0098
0.00982
0.00982
0.00984
0.00985
0.00987
0.00989
0.0099
0.00999
0.01
0.01002
0.01003
0.01004
0.01005
0.01007
0.01011
0.01012
0.01014
0.01019
0.01019
0.01023
0.01024
0.01024
0.01025
0.01025
0.01026
0.01027
0.01028
0.01033
0.01034
0.01034
0.01037
0.01039
0.01041
0.01042
0.01046
0.01048
0.01049
0.01049
0.01049
0.01051
0.01055
0.01056
0.01062
0.01062
0.01065
0.01065
0.0107
0.01071
0.01071
0.01073
0.01074
0.01076
0.01076
0.01077
0.01082
0.01082
0.01083
0.01086
0.01087
0.01088
0.0109
0.0109
0.0109
0.01092
0.01095
0.01101
0.01101
0.01101
0.01103
0.01106
0.01108
0.01108
0.0111
0.0111
0.01112
0.01113
0.01113
0.01115
0.01117
0.0112
0.01122
0.01123
0.01123
0.01123
0.01125
0.0113
0.01132
0.01134
0.01137
0.01138
0.0114
0.01142
0.01143
0.01144
0.01144
0.01147
0.0115
0.0115
0.01152
0.01153
0.01156
0.01163
0.01167
0.01179
0.01186
0.01187
0.01195
0.01195
0.01198
0.01199
0.01199
0.01202
0.0121
0.0121
0.01212
0.01219
0.01219
0.0122
0.0122
0.01221
0.01229
0.01242
0.01244
0.01254
0.01261
0.01262
0.01264
0.01264
0.01269
0.0127
0.01271
0.01272
0.01278
0.01279
0.01281
0.01283
0.01283
0.01284
0.01285
0.01288
0.01289
0.01289
0.01293
0.01297
0.013
0.01302
0.01313
0.01314
0.01319
0.01319
0.0132
0.01324
0.01334
0.0134
0.01345
0.01347
0.01348
0.01348
0.01355
0.01358
0.01384
0.01387
0.01388
0.0139
0.01398
0.01398
0.01399
0.01402
0.01402
0.01402
0.01404
0.01417
0.01418
0.01425
0.01428
0.0143
0.01437
0.01437
0.01441
0.01447
0.01464
0.01466
0.01468
0.0147
0.01474
0.01475
0.01478
0.0149
0.01495
0.01498
0.01498
0.01502
0.01508
0.0151
0.01513
0.01524
0.01527
0.01528
0.01531
0.01535
0.01543
0.01549
0.01553
0.01583
0.01592
0.01593
0.01593
0.01594
0.01597
0.01603
0.01608
0.01613
0.01614
0.01616
0.01621
0.01622
0.01623
0.01633
0.01637
0.0165
0.01653
0.01658
0.01663
0.01666
0.01679
0.01684
0.01705
0.0171
0.01712
0.01716
0.01717
0.01732
0.01732
0.01737
0.01742
0.01746
0.01752
0.0176
0.01763
0.01773
0.01774
0.01774
0.01778
0.01786
0.01793
0.018
0.0182
0.01838
0.01843
0.01845
0.01849
0.0185
0.01854
0.01858
0.0186
0.01862
0.01869
0.01876
0.01878
0.01883
0.01886
0.01894
0.01903
0.01904
0.01908
0.01927
0.01941
0.01942
0.01945
0.01949
0.01951
0.01955
0.01966
0.01967
0.0197
0.01978
0.01991
0.01994
0.01994
0.02011
0.02017
0.02022
0.02025
0.02031
0.02032
0.02035
0.02053
0.02057
0.02058
0.02078
0.02089
0.02115
0.02128
0.0213
0.0214
0.02146
0.02149
0.02155
0.02163
0.02168
0.02181
0.02185
0.02201
0.0223
0.02239
0.02246
0.02254
0.02262
0.02262
0.02271
0.02284
0.02286
0.02302
0.02319
0.02327
0.02331
0.02336
0.02337
0.02344
0.02352
0.0236
0.0236
0.02372
0.02385
0.02386
0.02395
0.02396
0.02402
0.02403
0.0244
0.02451
0.02463
0.02469
0.02474
0.02486
0.02495
0.0251
0.0251
0.02516
0.02524
0.02548
0.02556
0.02557
0.02567
0.02574
0.02592
0.02615
0.02616
0.02616
0.02622
0.02633
0.02645
0.02658
0.02662
0.02692
0.02719
0.02725
0.02745
0.02755
0.02785
0.02833
0.02834
0.02835
0.02842
0.02853
0.02894
0.02901
0.02929
0.02941
0.02956
0.02971
0.03041
0.03072
0.03075
0.03116
0.03167
0.03173
0.03229
0.03233
0.03276
0.03276
0.03339
0.03362
0.03365
0.03399
0.03402
0.03408
0.03437
0.03457
0.03531
0.03604
0.03658
0.03728
0.0374
0.03765
0.03771
0.03775
0.03778
0.038
0.04013
0.04046
0.04066
0.04086
0.04093
0.04107
0.04125
0.04147
0.04156
0.04187
0.04232
0.04239
0.04285
0.04337
0.04344
0.04349
0.04352
0.04367
0.044
0.04437
0.04452
0.04459
0.0446
0.04481
0.04487
0.04499
0.04586
0.04606
0.04609
0.04616
0.04626
0.0465
0.04724
0.0473
0.0476
0.0478
0.04894
0.04913
0.04955
0.05032
0.05034
0.05094
0.05101
0.05558
0.05606
0.05702
0.05727
0.05835
0.05973
0.06004
0.06021
0.06059
0.06087
0.06152
0.0623
0.06371
0.06496
0.06557
0.0671
0.06932
0.06968
0.06982
0.07018
0.07103
0.07251
0.07308
0.07477
0.07622
0.08059
0.08202
0.08523
0.08597
0.08616
0.08655
0.09039
0.09163
0.09576
0.0958
0.09647
0.09745
0.09751
0.09775
0.09939
0.10056
0.10712
0.10802
0.11865
0.12244
0.12815
0.13134
0.13329
0.13352
0.14941
0.14992
0.15274
0.15658
0.15724
0.15838
0.16462
0.17158
0.18604
0.1908
0.19508
0.20026
0.21018
0.22679
0.229
0.2409
0.27564
0.27617
0.30827
0.43394
0.59913
0.61187
0.62951
