  -3.9392986654782827        3.5223723345432743        8.0000000000000000     
  -3.9006813667512983        3.5157391142709700        6.0827625302982193     
  -3.8620640680243135        3.5108106552604958        6.0827625302982193     
  -3.8234467692973286        3.5059613630972626        5.9160797830996161     
  -3.7848294705703438        3.4986456576558789        8.4852813742385695     
  -3.7462121718433594        3.4908680665849352        6.3245553203367590     
  -3.7075948731163746        3.4838656712571474        7.6811457478686078     
  -3.6689775743893898        3.4755922099315328        7.4833147735478827     
  -3.6303602756624054        3.4680471625639999        6.8556546004010439     
  -3.5917429769354206        3.4596091322816798        8.1240384046359608     
  -3.5531256782084357        3.4472922934887515        9.7467943448089631     
  -3.5145083794814509        3.4354385492020652        7.4833147735478827     
  -3.4758910807544665        3.4260135514223560        7.8102496759066540     
  -3.4372737820274817        3.4130232797781397        9.7979589711327115     
  -3.3986564833004973        3.3993153797103712        8.0622577482985491     
  -3.3600391845735125        3.3860302313541637        9.2736184954957039     
  -3.3214218858465276        3.3699303340720217        9.5393920141694561     
  -3.2828045871195428        3.3547631946661505        8.3666002653407556     
  -3.2441872883925584        3.3394227531301812        9.3273790530888157     
  -3.2055699896655736        3.3216701175735626        9.3808315196468595     
  -3.1669526909385888        3.3044654850018782        8.6602540378443873     
  -3.1283353922116044        3.2891226500549609        8.0622577482985491     
  -3.0897180934846196        3.2726207032632360        8.9442719099991592     
  -3.0511007947576347        3.2547614727252863        8.4261497731763590     
  -3.0124834960306499        3.2368816833333303        8.6023252670426267     
  -2.9738661973036651        3.2185040157228442        8.3066238629180749     
  -2.9352488985766807        3.2004087625173829        8.1240384046359608     
  -2.8966315998496963        3.1823836517551878        7.9372539331937721     
  -2.8580143011227115        3.1650693490702153        7.4833147735478827     
  -2.8193970023957267        3.1474887240109592        7.7459666924148340     
  -2.7807797036687418        3.1250891050798706        9.0000000000000000     
  -2.7421624049417570        3.1018807682485825        7.6157731058639087     
  -2.7035451062147726        3.0809406781648971        7.8102496759066540     
  -2.6649278074877878        3.0604747474926217        7.0710678118654755     
  -2.6263105087608034        3.0405601858671063        7.2801098892805181     
  -2.5876932100338186        3.0163334072026640        8.1240384046359608     
  -2.5490759113068338        2.9889337829270897        7.8102496759066540     
  -2.5104586125798489        2.9653994870914526        6.4807406984078604     
  -2.4718413138528641        2.9429384066263120        7.1414284285428504     
  -2.4332240151258797        2.9118231413139077        8.3666002653407556     
  -2.3946067163988949        2.8804670615630781        6.6332495807107996     
  -2.3559894176719105        2.8539272413095658        6.7823299831252681     
  -2.3173721189449257        2.8246868888085008        6.8556546004010439     
  -2.2787548202179408        2.7965111467354351        6.0827625302982193     
  -2.2401375214909560        2.7666724386186212        6.7823299831252681     
  -2.2015202227639712        2.7310536542352217        6.7823299831252681     
  -2.1629029240369868        2.6989004972253041        5.5677643628300215     
  -2.1242856253100020        2.6715617731658301        5.4772255750516612     
  -2.0856683265830176        2.6408688139207035        5.8309518948453007     
  -2.0470510278560328        2.6057150994680836        5.8309518948453007     
  -2.0084337291290479        2.5716141084735913        5.1961524227066320     
  -1.9698164304020631        2.5408686131283327        4.8989794855663558     
  -1.9311991316750787        2.5063574251933964        5.3851648071345037     
  -1.8925818329480939        2.4704573504296343        4.6904157598234297     
  -1.8539645342211091        2.4311550749951043        5.3851648071345037     
  -1.8153472354941247        2.3817550498980919        5.3851648071345037     
  -1.7767299367671399        2.3322315880038547        4.7958315233127191     
  -1.7381126380401550        2.2864879813721064        4.4721359549995796     
  -1.6994953393131706        2.2403338891404987        4.3588989435406740     
  -1.6608780405861858        2.1943257937656804        4.0000000000000000     
  -1.6222607418592010        2.1552298015540785        3.3166247903553998     
  -1.5836434431322162        2.1170940170423593        3.6055512754639891     
  -1.5450261444052318        2.0790806737013545        3.0000000000000000     
  -1.5064088456782470        2.0511024702980949        2.4494897427831779     
  -1.4677915469512621        2.0125503315040225        3.6055512754639891     
  -1.4291742482242777        1.9612069301001729        3.1622776601683795     
  -1.3905569494972929        1.9026140467851542        3.6055512754639891     
  -1.3519396507703081        1.8449206502041962        2.6457513110645907     
  -1.3133223520433233        1.7991215129306943        2.6457513110645907     
  -1.2747050533163389        1.7557411154756035        2.2360679774997898     
  -1.2360877545893540        1.7115682055868380        2.4494897427831779     
  -1.1974704558623692        1.6577050954723329        2.4494897427831779     
  -1.1588531571353848        1.6072894363680246        2.0000000000000000     
  -1.1202358584084000        1.5680959404836976        1.7320508075688772     
  -1.0816185596814152        1.5181145146849193        2.2360679774997898     
  -1.0430012609544308        1.4545102620299564        2.0000000000000000     
  -1.0043839622274460        1.4149733479708180        1.0000000000000000     
 -0.96576666350046103        1.3705754418058604        2.0000000000000000     
 -0.92714936477347620        1.3006676304502431        1.7320508075688772     
 -0.84991476731950699        1.2552725051033060        1.0000000000000000     
 -0.81129746859252216        1.2035533876966269        1.7320508075688772     
 -0.77268016986553778        1.1461280356782380        1.0000000000000000     
 -0.73406287113855295        1.0586293208781716        2.0000000000000000     
 -0.69544557241156812       0.92866624821563426        1.4142135623730951     
 -0.65682827368458374       0.81162464519895017        1.4142135623730951     
 -0.50235907877664487       0.65051499783199063        1.4142135623730951     
 -0.38650718259569089       0.47712125471966244        1.0000000000000000     
 -0.11618609150679797       0.15051499783199060        1.4142135623730951     
