0.00011
0.00011
0.00011
0.00011
0.00011
0.00011
0.00011
0.00011
0.00011
0.00011
0.00011
0.00011
0.00011
0.00011
0.00011
0.00011
0.00011
0.00011
0.00011
0.00011
0.00011
0.00011
0.00011
0.00011
0.00011
0.00011
0.00011
0.00011
0.00011
0.00011
0.00011
0.00011
0.00011
0.00011
0.00011
0.00012
0.00012
0.00012
0.00012
0.00012
0.00012
0.00012
0.00012
0.00012
0.00012
0.00012
0.00012
0.00012
0.00012
0.00012
0.00012
0.00012
0.00012
0.00012
0.00012
0.00012
0.00012
0.00012
0.00012
0.00012
0.00012
0.00012
0.00012
0.00012
0.00013
0.00013
0.00013
0.00013
0.00013
0.00013
0.00013
0.00013
0.00013
0.00013
0.00013
0.00013
0.00013
0.00013
0.00013
0.00013
0.00013
0.00013
0.00013
0.00013
0.00013
0.00013
0.00013
0.00013
0.00013
0.00013
0.00013
0.00013
0.00013
0.00013
0.00013
0.00013
0.00013
0.00013
0.00013
0.00013
0.00013
0.00014
0.00014
0.00014
0.00014
0.00014
0.00014
0.00014
0.00014
0.00014
0.00014
0.00014
0.00014
0.00014
0.00014
0.00014
0.00014
0.00014
0.00014
0.00014
0.00014
0.00014
0.00014
0.00014
0.00014
0.00014
0.00014
0.00014
0.00014
0.00014
0.00014
0.00014
0.00014
0.00014
0.00014
0.00014
0.00014
0.00014
0.00015
0.00015
0.00015
0.00015
0.00015
0.00015
0.00015
0.00015
0.00015
0.00015
0.00015
0.00015
0.00015
0.00015
0.00015
0.00015
0.00015
0.00015
0.00015
0.00015
0.00015
0.00015
0.00015
0.00015
0.00015
0.00015
0.00015
0.00015
0.00015
0.00015
0.00015
0.00015
0.00015
0.00015
0.00015
0.00016
0.00016
0.00016
0.00016
0.00016
0.00016
0.00016
0.00016
0.00016
0.00016
0.00016
0.00016
0.00016
0.00016
0.00016
0.00016
0.00016
0.00016
0.00016
0.00016
0.00016
0.00016
0.00016
0.00016
0.00016
0.00016
0.00016
0.00016
0.00016
0.00016
0.00016
0.00016
0.00016
0.00016
0.00016
0.00016
0.00017
0.00017
0.00017
0.00017
0.00017
0.00017
0.00017
0.00017
0.00017
0.00017
0.00017
0.00017
0.00017
0.00017
0.00017
0.00017
0.00017
0.00017
0.00017
0.00017
0.00017
0.00017
0.00017
0.00017
0.00017
0.00017
0.00017
0.00017
0.00017
0.00017
0.00017
0.00017
0.00017
0.00017
0.00017
0.00017
0.00018
0.00018
0.00018
0.00018
0.00018
0.00018
0.00018
0.00018
0.00018
0.00018
0.00018
0.00018
0.00018
0.00018
0.00018
0.00018
0.00018
0.00018
0.00018
0.00018
0.00018
0.00018
0.00018
0.00018
0.00018
0.00018
0.00018
0.00018
0.00018
0.00018
0.00018
0.00018
0.00018
0.00018
0.00018
0.00018
0.00018
0.00018
0.00018
0.00018
0.00019
0.00019
0.00019
0.00019
0.00019
0.00019
0.00019
0.00019
0.00019
0.00019
0.00019
0.00019
0.00019
0.00019
0.00019
0.00019
0.00019
0.00019
0.00019
0.00019
0.00019
0.00019
0.00019
0.00019
0.00019
0.00019
0.00019
0.00019
0.00019
0.00019
0.0002
0.0002
0.0002
0.0002
0.0002
0.0002
0.0002
0.0002
0.0002
0.0002
0.0002
0.0002
0.0002
0.0002
0.0002
0.0002
0.0002
0.0002
0.0002
0.0002
0.0002
0.0002
0.0002
0.0002
0.0002
0.0002
0.0002
0.0002
0.0002
0.00021
0.00021
0.00021
0.00021
0.00021
0.00021
0.00021
0.00021
0.00021
0.00021
0.00021
0.00021
0.00021
0.00021
0.00021
0.00021
0.00021
0.00021
0.00021
0.00021
0.00021
0.00021
0.00021
0.00021
0.00021
0.00021
0.00021
0.00021
0.00021
0.00022
0.00022
0.00022
0.00022
0.00022
0.00022
0.00022
0.00022
0.00022
0.00022
0.00022
0.00022
0.00022
0.00022
0.00022
0.00022
0.00022
0.00022
0.00022
0.00022
0.00022
0.00022
0.00022
0.00022
0.00022
0.00022
0.00022
0.00023
0.00023
0.00023
0.00023
0.00023
0.00023
0.00023
0.00023
0.00023
0.00023
0.00023
0.00023
0.00023
0.00023
0.00023
0.00023
0.00023
0.00023
0.00023
0.00023
0.00023
0.00023
0.00023
0.00023
0.00023
0.00023
0.00023
0.00023
0.00023
0.00024
0.00024
0.00024
0.00024
0.00024
0.00024
0.00024
0.00024
0.00024
0.00024
0.00024
0.00024
0.00024
0.00024
0.00024
0.00024
0.00024
0.00024
0.00025
0.00025
0.00025
0.00025
0.00025
0.00025
0.00025
0.00025
0.00025
0.00025
0.00025
0.00025
0.00025
0.00025
0.00025
0.00025
0.00025
0.00025
0.00025
0.00025
0.00025
0.00025
0.00025
0.00025
0.00025
0.00025
0.00025
0.00025
0.00025
0.00025
0.00025
0.00025
0.00025
0.00025
0.00026
0.00026
0.00026
0.00026
0.00026
0.00026
0.00026
0.00026
0.00026
0.00026
0.00026
0.00026
0.00026
0.00026
0.00026
0.00026
0.00026
0.00026
0.00026
0.00026
0.00026
0.00026
0.00026
0.00026
0.00026
0.00026
0.00026
0.00026
0.00026
0.00026
0.00026
0.00026
0.00027
0.00027
0.00027
0.00027
0.00027
0.00027
0.00027
0.00027
0.00027
0.00027
0.00027
0.00027
0.00027
0.00027
0.00027
0.00027
0.00027
0.00027
0.00027
0.00027
0.00027
0.00027
0.00027
0.00027
0.00027
0.00027
0.00027
0.00027
0.00027
0.00027
0.00027
0.00027
0.00027
0.00027
0.00027
0.00028
0.00028
0.00028
0.00028
0.00028
0.00028
0.00028
0.00028
0.00028
0.00028
0.00028
0.00028
0.00028
0.00028
0.00028
0.00028
0.00028
0.00028
0.00028
0.00028
0.00028
0.00028
0.00028
0.00028
0.00028
0.00028
0.00028
0.00028
0.00029
0.00029
0.00029
0.00029
0.00029
0.00029
0.00029
0.00029
0.00029
0.00029
0.00029
0.00029
0.00029
0.00029
0.00029
0.00029
0.00029
0.00029
0.00029
0.00029
0.00029
0.00029
0.00029
0.00029
0.00029
0.00029
0.00029
0.00029
0.00029
0.00029
0.00029
0.00029
0.0003
0.0003
0.0003
0.0003
0.0003
0.0003
0.0003
0.0003
0.0003
0.0003
0.0003
0.0003
0.0003
0.0003
0.0003
0.0003
0.0003
0.0003
0.0003
0.0003
0.0003
0.0003
0.0003
0.0003
0.0003
0.0003
0.0003
0.0003
0.0003
0.0003
0.00031
0.00031
0.00031
0.00031
0.00031
0.00031
0.00031
0.00031
0.00031
0.00031
0.00031
0.00031
0.00031
0.00031
0.00031
0.00031
0.00031
0.00031
0.00031
0.00031
0.00031
0.00031
0.00031
0.00031
0.00031
0.00031
0.00032
0.00032
0.00032
0.00032
0.00032
0.00032
0.00032
0.00032
0.00032
0.00032
0.00032
0.00032
0.00032
0.00032
0.00032
0.00032
0.00032
0.00032
0.00032
0.00032
0.00033
0.00033
0.00033
0.00033
0.00033
0.00033
0.00033
0.00033
0.00033
0.00033
0.00033
0.00033
0.00033
0.00033
0.00033
0.00033
0.00033
0.00033
0.00033
0.00033
0.00033
0.00033
0.00033
0.00033
0.00034
0.00034
0.00034
0.00034
0.00034
0.00034
0.00034
0.00034
0.00034
0.00034
0.00034
0.00034
0.00034
0.00034
0.00034
0.00034
0.00034
0.00035
0.00035
0.00035
0.00035
0.00035
0.00035
0.00035
0.00035
0.00035
0.00035
0.00035
0.00035
0.00035
0.00035
0.00035
0.00035
0.00035
0.00035
0.00035
0.00035
0.00035
0.00035
0.00036
0.00036
0.00036
0.00036
0.00036
0.00036
0.00036
0.00036
0.00036
0.00036
0.00036
0.00036
0.00036
0.00036
0.00036
0.00036
0.00036
0.00036
0.00036
0.00036
0.00036
0.00036
0.00036
0.00036
0.00036
0.00036
0.00036
0.00036
0.00036
0.00037
0.00037
0.00037
0.00037
0.00037
0.00037
0.00037
0.00037
0.00037
0.00037
0.00037
0.00037
0.00037
0.00037
0.00037
0.00037
0.00037
0.00037
0.00037
0.00037
0.00037
0.00037
0.00037
0.00037
0.00038
0.00038
0.00038
0.00038
0.00038
0.00038
0.00038
0.00038
0.00038
0.00038
0.00038
0.00038
0.00038
0.00038
0.00038
0.00038
0.00038
0.00038
0.00038
0.00038
0.00038
0.00039
0.00039
0.00039
0.00039
0.00039
0.00039
0.00039
0.00039
0.00039
0.00039
0.00039
0.00039
0.00039
0.00039
0.00039
0.00039
0.0004
0.0004
0.0004
0.0004
0.0004
0.0004
0.0004
0.0004
0.0004
0.0004
0.0004
0.0004
0.0004
0.0004
0.0004
0.0004
0.0004
0.0004
0.0004
0.0004
0.0004
0.0004
0.0004
0.0004
0.0004
0.0004
0.0004
0.0004
0.0004
0.0004
0.0004
0.0004
0.0004
0.00041
0.00041
0.00041
0.00041
0.00041
0.00041
0.00041
0.00041
0.00041
0.00041
0.00041
0.00041
0.00041
0.00041
0.00041
0.00041
0.00042
0.00042
0.00042
0.00042
0.00042
0.00042
0.00042
0.00042
0.00042
0.00042
0.00042
0.00042
0.00042
0.00042
0.00042
0.00042
0.00042
0.00042
0.00042
0.00043
0.00043
0.00043
0.00043
0.00043
0.00043
0.00043
0.00043
0.00043
0.00043
0.00043
0.00043
0.00043
0.00043
0.00043
0.00043
0.00043
0.00043
0.00043
0.00043
0.00043
0.00043
0.00044
0.00044
0.00044
0.00044
0.00044
0.00044
0.00044
0.00044
0.00044
0.00044
0.00044
0.00044
0.00044
0.00044
0.00044
0.00044
0.00044
0.00044
0.00044
0.00044
0.00044
0.00044
0.00044
0.00044
0.00045
0.00045
0.00045
0.00045
0.00045
0.00045
0.00045
0.00045
0.00045
0.00045
0.00045
0.00045
0.00045
0.00045
0.00045
0.00045
0.00045
0.00045
0.00045
0.00045
0.00045
0.00046
0.00046
0.00046
0.00046
0.00046
0.00046
0.00046
0.00046
0.00046
0.00046
0.00046
0.00046
0.00046
0.00046
0.00046
0.00046
0.00046
0.00046
0.00046
0.00046
0.00046
0.00046
0.00046
0.00046
0.00047
0.00047
0.00047
0.00047
0.00047
0.00047
0.00047
0.00047
0.00047
0.00047
0.00047
0.00047
0.00047
0.00047
0.00047
0.00047
0.00048
0.00048
0.00048
0.00048
0.00048
0.00048
0.00048
0.00048
0.00048
0.00048
0.00048
0.00048
0.00048
0.00048
0.00048
0.00048
0.00048
0.00048
0.00048
0.00048
0.00048
0.00048
0.00048
0.00048
0.00048
0.00048
0.00048
0.00049
0.00049
0.00049
0.00049
0.00049
0.00049
0.00049
0.00049
0.00049
0.00049
0.00049
0.00049
0.00049
0.00049
0.00049
0.00049
0.00049
0.00049
0.00049
0.00049
0.00049
0.00049
0.00049
0.00049
0.0005
0.0005
0.0005
0.0005
0.0005
0.0005
0.0005
0.0005
0.0005
0.0005
0.0005
0.0005
0.0005
0.0005
0.0005
0.0005
0.00051
0.00051
0.00051
0.00051
0.00051
0.00051
0.00051
0.00051
0.00051
0.00051
0.00052
0.00052
0.00052
0.00052
0.00052
0.00052
0.00052
0.00052
0.00052
0.00052
0.00052
0.00052
0.00052
0.00052
0.00052
0.00053
0.00053
0.00053
0.00053
0.00053
0.00053
0.00053
0.00053
0.00053
0.00053
0.00054
0.00054
0.00054
0.00054
0.00054
0.00054
0.00054
0.00054
0.00054
0.00054
0.00054
0.00054
0.00054
0.00054
0.00054
0.00054
0.00054
0.00054
0.00054
0.00055
0.00055
0.00055
0.00055
0.00055
0.00055
0.00055
0.00055
0.00055
0.00055
0.00055
0.00055
0.00056
0.00056
0.00056
0.00056
0.00056
0.00056
0.00056
0.00056
0.00056
0.00056
0.00056
0.00056
0.00056
0.00056
0.00056
0.00056
0.00056
0.00057
0.00057
0.00057
0.00057
0.00057
0.00057
0.00057
0.00057
0.00057
0.00057
0.00057
0.00057
0.00057
0.00057
0.00057
0.00057
0.00057
0.00057
0.00057
0.00057
0.00057
0.00057
0.00058
0.00058
0.00058
0.00058
0.00058
0.00058
0.00058
0.00058
0.00058
0.00058
0.00058
0.00058
0.00058
0.00058
0.00058
0.00058
0.00058
0.00058
0.00059
0.00059
0.00059
0.00059
0.00059
0.00059
0.00059
0.00059
0.00059
0.00059
0.00059
0.00059
0.00059
0.00059
0.00059
0.00059
0.00059
0.00059
0.0006
0.0006
0.0006
0.0006
0.0006
0.0006
0.0006
0.0006
0.0006
0.0006
0.0006
0.0006
0.0006
0.0006
0.0006
0.0006
0.0006
0.0006
0.0006
0.00061
0.00061
0.00061
0.00061
0.00061
0.00061
0.00061
0.00061
0.00061
0.00061
0.00061
0.00061
0.00062
0.00062
0.00062
0.00062
0.00062
0.00062
0.00062
0.00062
0.00062
0.00062
0.00062
0.00062
0.00062
0.00063
0.00063
0.00063
0.00063
0.00063
0.00063
0.00063
0.00063
0.00063
0.00063
0.00063
0.00063
0.00063
0.00063
0.00063
0.00064
0.00064
0.00064
0.00064
0.00064
0.00064
0.00064
0.00064
0.00064
0.00064
0.00064
0.00064
0.00064
0.00064
0.00065
0.00065
0.00065
0.00065
0.00065
0.00065
0.00065
0.00065
0.00065
0.00065
0.00065
0.00065
0.00065
0.00065
0.00065
0.00066
0.00066
0.00066
0.00066
0.00066
0.00066
0.00066
0.00066
0.00066
0.00066
0.00066
0.00066
0.00066
0.00067
0.00067
0.00067
0.00067
0.00067
0.00067
0.00067
0.00067
0.00067
0.00067
0.00067
0.00067
0.00068
0.00068
0.00068
0.00068
0.00068
0.00068
0.00068
0.00068
0.00068
0.00068
0.00068
0.00068
0.00068
0.00068
0.00068
0.00068
0.00068
0.00068
0.00069
0.00069
0.00069
0.00069
0.00069
0.00069
0.00069
0.00069
0.00069
0.00069
0.0007
0.0007
0.0007
0.0007
0.0007
0.0007
0.0007
0.0007
0.0007
0.0007
0.0007
0.0007
0.0007
0.0007
0.00071
0.00071
0.00071
0.00071
0.00071
0.00071
0.00071
0.00071
0.00072
0.00072
0.00072
0.00072
0.00072
0.00072
0.00072
0.00072
0.00072
0.00072
0.00072
0.00072
0.00072
0.00072
0.00073
0.00073
0.00073
0.00073
0.00073
0.00073
0.00073
0.00073
0.00073
0.00073
0.00073
0.00074
0.00074
0.00074
0.00074
0.00074
0.00074
0.00074
0.00074
0.00074
0.00074
0.00074
0.00075
0.00075
0.00075
0.00075
0.00075
0.00075
0.00075
0.00076
0.00076
0.00076
0.00076
0.00076
0.00076
0.00076
0.00076
0.00077
0.00077
0.00077
0.00077
0.00077
0.00077
0.00077
0.00077
0.00077
0.00077
0.00077
0.00077
0.00077
0.00077
0.00078
0.00078
0.00078
0.00078
0.00078
0.00078
0.00078
0.00078
0.00078
0.00078
0.00078
0.00078
0.00078
0.00078
0.00078
0.00079
0.00079
0.00079
0.00079
0.00079
0.00079
0.00079
0.00079
0.0008
0.0008
0.0008
0.0008
0.0008
0.0008
0.0008
0.0008
0.00081
0.00081
0.00081
0.00081
0.00081
0.00081
0.00081
0.00082
0.00082
0.00082
0.00082
0.00082
0.00082
0.00082
0.00082
0.00082
0.00082
0.00082
0.00083
0.00083
0.00083
0.00083
0.00083
0.00084
0.00084
0.00084
0.00084
0.00084
0.00084
0.00084
0.00084
0.00084
0.00084
0.00084
0.00084
0.00085
0.00085
0.00085
0.00085
0.00085
0.00085
0.00085
0.00085
0.00085
0.00085
0.00085
0.00085
0.00085
0.00085
0.00086
0.00086
0.00086
0.00086
0.00086
0.00086
0.00086
0.00086
0.00086
0.00086
0.00086
0.00086
0.00086
0.00086
0.00087
0.00087
0.00087
0.00087
0.00087
0.00087
0.00087
0.00087
0.00087
0.00087
0.00087
0.00087
0.00087
0.00088
0.00088
0.00088
0.00088
0.00088
0.00088
0.00088
0.00088
0.00088
0.00089
0.00089
0.00089
0.00089
0.00089
0.00089
0.00089
0.00089
0.0009
0.0009
0.0009
0.0009
0.0009
0.0009
0.0009
0.0009
0.0009
0.0009
0.0009
0.00091
0.00091
0.00091
0.00091
0.00091
0.00091
0.00092
0.00092
0.00092
0.00092
0.00092
0.00092
0.00092
0.00092
0.00092
0.00092
0.00093
0.00093
0.00093
0.00093
0.00093
0.00093
0.00093
0.00093
0.00093
0.00094
0.00094
0.00094
0.00094
0.00094
0.00094
0.00094
0.00094
0.00094
0.00094
0.00094
0.00095
0.00095
0.00095
0.00095
0.00095
0.00096
0.00096
0.00096
0.00096
0.00096
0.00096
0.00096
0.00097
0.00097
0.00097
0.00097
0.00097
0.00097
0.00097
0.00097
0.00098
0.00098
0.00098
0.00098
0.00098
0.00098
0.00099
0.00099
0.00099
0.00099
0.00099
0.00099
0.00099
0.00099
0.00099
0.00099
0.00099
0.00099
0.00099
0.00099
0.001
0.001
0.001
0.001
0.001
0.001
0.00101
0.00101
0.00101
0.00101
0.00101
0.00101
0.00101
0.00101
0.00102
0.00102
0.00102
0.00102
0.00102
0.00103
0.00103
0.00103
0.00103
0.00103
0.00103
0.00103
0.00104
0.00104
0.00104
0.00104
0.00104
0.00104
0.00104
0.00105
0.00105
0.00105
0.00105
0.00105
0.00105
0.00105
0.00105
0.00105
0.00106
0.00106
0.00107
0.00107
0.00107
0.00107
0.00107
0.00107
0.00107
0.00108
0.00108
0.00108
0.00108
0.00108
0.00108
0.00109
0.00109
0.00109
0.00109
0.00109
0.00109
0.00109
0.00109
0.00109
0.0011
0.0011
0.0011
0.0011
0.0011
0.0011
0.0011
0.00111
0.00111
0.00111
0.00111
0.00111
0.00111
0.00111
0.00111
0.00111
0.00111
0.00112
0.00112
0.00112
0.00112
0.00112
0.00112
0.00112
0.00112
0.00112
0.00113
0.00113
0.00113
0.00113
0.00113
0.00113
0.00113
0.00113
0.00114
0.00114
0.00114
0.00114
0.00114
0.00115
0.00115
0.00115
0.00115
0.00115
0.00115
0.00115
0.00115
0.00115
0.00115
0.00116
0.00116
0.00116
0.00116
0.00116
0.00116
0.00116
0.00116
0.00117
0.00117
0.00117
0.00117
0.00117
0.00118
0.00118
0.00118
0.00118
0.00119
0.00119
0.00119
0.00119
0.00119
0.0012
0.0012
0.0012
0.0012
0.0012
0.0012
0.0012
0.0012
0.00121
0.00121
0.00121
0.00121
0.00122
0.00122
0.00122
0.00122
0.00122
0.00123
0.00123
0.00124
0.00124
0.00124
0.00124
0.00124
0.00124
0.00124
0.00124
0.00124
0.00124
0.00125
0.00125
0.00125
0.00125
0.00125
0.00125
0.00126
0.00126
0.00126
0.00126
0.00126
0.00127
0.00127
0.00127
0.00127
0.00127
0.00127
0.00128
0.00128
0.00128
0.00128
0.00128
0.00128
0.00128
0.00128
0.00128
0.00129
0.00129
0.00129
0.00129
0.00129
0.00129
0.0013
0.0013
0.0013
0.00131
0.00131
0.00131
0.00131
0.00131
0.00131
0.00131
0.00132
0.00132
0.00132
0.00132
0.00133
0.00133
0.00133
0.00134
0.00134
0.00134
0.00134
0.00134
0.00134
0.00134
0.00135
0.00135
0.00136
0.00136
0.00136
0.00136
0.00136
0.00136
0.00137
0.00137
0.00137
0.00138
0.00139
0.00139
0.00139
0.00139
0.00139
0.00139
0.0014
0.0014
0.0014
0.0014
0.0014
0.0014
0.0014
0.0014
0.00141
0.00141
0.00141
0.00141
0.00141
0.00141
0.00142
0.00142
0.00142
0.00142
0.00143
0.00143
0.00143
0.00143
0.00143
0.00143
0.00143
0.00144
0.00144
0.00144
0.00145
0.00145
0.00145
0.00145
0.00145
0.00146
0.00146
0.00146
0.00147
0.00147
0.00147
0.00147
0.00148
0.00148
0.00148
0.00148
0.00149
0.00149
0.00149
0.00149
0.00149
0.00149
0.0015
0.00151
0.00151
0.00151
0.00151
0.00151
0.00151
0.00151
0.00151
0.00152
0.00152
0.00153
0.00153
0.00153
0.00153
0.00153
0.00153
0.00153
0.00153
0.00154
0.00154
0.00154
0.00154
0.00154
0.00154
0.00154
0.00155
0.00155
0.00155
0.00155
0.00155
0.00155
0.00156
0.00157
0.00157
0.00157
0.00157
0.00158
0.00159
0.00159
0.00159
0.00159
0.0016
0.0016
0.0016
0.0016
0.0016
0.0016
0.00161
0.00161
0.00161
0.00161
0.00161
0.00161
0.00161
0.00161
0.00161
0.00161
0.00162
0.00162
0.00162
0.00162
0.00162
0.00162
0.00162
0.00162
0.00162
0.00162
0.00163
0.00163
0.00163
0.00163
0.00163
0.00164
0.00164
0.00164
0.00164
0.00164
0.00164
0.00164
0.00164
0.00164
0.00164
0.00165
0.00165
0.00165
0.00165
0.00165
0.00166
0.00166
0.00166
0.00166
0.00166
0.00167
0.00167
0.00167
0.00167
0.00167
0.00168
0.00168
0.00168
0.00168
0.00169
0.00169
0.00169
0.0017
0.0017
0.0017
0.00171
0.00171
0.00171
0.00172
0.00172
0.00172
0.00172
0.00172
0.00172
0.00172
0.00173
0.00174
0.00174
0.00174
0.00174
0.00174
0.00174
0.00175
0.00175
0.00175
0.00176
0.00177
0.00177
0.00177
0.00177
0.00177
0.00178
0.00178
0.00178
0.00178
0.00179
0.00179
0.00179
0.0018
0.0018
0.0018
0.00181
0.00181
0.00181
0.00182
0.00182
0.00182
0.00182
0.00184
0.00184
0.00184
0.00184
0.00185
0.00185
0.00185
0.00186
0.00186
0.00186
0.00186
0.00186
0.00186
0.00186
0.00187
0.00187
0.00187
0.00187
0.00188
0.00188
0.00188
0.00188
0.00188
0.00188
0.00189
0.00189
0.0019
0.0019
0.0019
0.0019
0.0019
0.00191
0.00191
0.00191
0.00191
0.00192
0.00192
0.00192
0.00192
0.00193
0.00193
0.00193
0.00193
0.00193
0.00193
0.00194
0.00194
0.00194
0.00195
0.00195
0.00195
0.00195
0.00195
0.00195
0.00195
0.00195
0.00195
0.00196
0.00196
0.00196
0.00197
0.00197
0.00198
0.00198
0.00198
0.00199
0.00199
0.00199
0.002
0.00201
0.00201
0.00201
0.00201
0.00201
0.00201
0.00201
0.00202
0.00202
0.00203
0.00204
0.00204
0.00205
0.00205
0.00205
0.00206
0.00206
0.00206
0.00207
0.00208
0.00208
0.00208
0.00208
0.00209
0.00209
0.00209
0.00209
0.0021
0.00211
0.00211
0.00211
0.00212
0.00212
0.00213
0.00214
0.00214
0.00215
0.00215
0.00215
0.00216
0.00216
0.00216
0.00216
0.00218
0.00218
0.00219
0.00219
0.0022
0.0022
0.0022
0.0022
0.0022
0.00221
0.00222
0.00222
0.00222
0.00223
0.00223
0.00224
0.00224
0.00224
0.00224
0.00224
0.00225
0.00226
0.00226
0.00226
0.00226
0.00227
0.00228
0.00228
0.00228
0.00228
0.0023
0.0023
0.0023
0.00231
0.00231
0.00231
0.00233
0.00234
0.00234
0.00234
0.00234
0.00235
0.00235
0.00236
0.00238
0.00238
0.00238
0.00238
0.00239
0.00239
0.00239
0.00239
0.0024
0.0024
0.0024
0.00241
0.00241
0.00241
0.00241
0.00242
0.00242
0.00242
0.00243
0.00243
0.00243
0.00244
0.00244
0.00244
0.00244
0.00245
0.00245
0.00246
0.00246
0.00246
0.00246
0.00247
0.00247
0.00247
0.00248
0.00249
0.00249
0.00249
0.00249
0.00249
0.00249
0.00249
0.00249
0.0025
0.0025
0.0025
0.0025
0.0025
0.0025
0.00251
0.00251
0.00251
0.00252
0.00252
0.00252
0.00252
0.00252
0.00252
0.00253
0.00253
0.00254
0.00254
0.00254
0.00255
0.00255
0.00256
0.00257
0.00257
0.00257
0.00258
0.00258
0.00258
0.00258
0.00259
0.0026
0.0026
0.00261
0.00261
0.00261
0.00261
0.00262
0.00262
0.00263
0.00263
0.00264
0.00264
0.00264
0.00264
0.00266
0.00266
0.00266
0.00266
0.00267
0.00268
0.00268
0.00268
0.00268
0.00269
0.0027
0.0027
0.00272
0.00272
0.00272
0.00272
0.00273
0.00274
0.00274
0.00275
0.00276
0.00276
0.00276
0.00276
0.00276
0.00277
0.00277
0.00277
0.00277
0.00278
0.00278
0.00278
0.00279
0.00279
0.00279
0.0028
0.0028
0.00281
0.00282
0.00282
0.00282
0.00282
0.00283
0.00284
0.00284
0.00284
0.00285
0.00285
0.00285
0.00286
0.00286
0.00287
0.00287
0.00287
0.00288
0.00288
0.00288
0.00288
0.00288
0.00288
0.00288
0.00289
0.00289
0.00291
0.00291
0.00291
0.00291
0.00292
0.00292
0.00293
0.00294
0.00294
0.00295
0.00297
0.00297
0.00297
0.00298
0.00299
0.00301
0.00301
0.00302
0.00302
0.00303
0.00305
0.00305
0.00305
0.00306
0.00307
0.00308
0.00308
0.00309
0.00309
0.0031
0.00311
0.00311
0.00312
0.00312
0.00313
0.00313
0.00313
0.00314
0.00314
0.00314
0.00315
0.00315
0.00317
0.00318
0.00318
0.00318
0.00318
0.00318
0.00319
0.00319
0.0032
0.00322
0.00323
0.00323
0.00324
0.00326
0.00327
0.00327
0.00327
0.00328
0.00329
0.00329
0.0033
0.0033
0.00331
0.00332
0.00332
0.00333
0.00333
0.00333
0.00333
0.00333
0.00334
0.00335
0.00335
0.00336
0.00336
0.00336
0.00337
0.00337
0.00338
0.00338
0.00339
0.0034
0.0034
0.0034
0.0034
0.00341
0.00341
0.00343
0.00343
0.00346
0.00346
0.00347
0.00348
0.00349
0.00349
0.0035
0.0035
0.0035
0.0035
0.00351
0.00352
0.00353
0.00353
0.00354
0.00354
0.00354
0.00354
0.00355
0.00356
0.00356
0.00356
0.00357
0.00357
0.00358
0.00358
0.00359
0.00359
0.0036
0.0036
0.00361
0.00361
0.00361
0.00362
0.00363
0.00363
0.00363
0.00363
0.00364
0.00364
0.00364
0.00364
0.00364
0.00365
0.00366
0.00366
0.00367
0.00367
0.00368
0.0037
0.00372
0.00372
0.00372
0.00372
0.00372
0.00373
0.00374
0.00374
0.00374
0.00374
0.00374
0.00375
0.00375
0.00376
0.00376
0.00376
0.00376
0.00377
0.00378
0.00379
0.00379
0.00379
0.00381
0.00381
0.00382
0.00382
0.00382
0.00382
0.00383
0.00383
0.00383
0.00385
0.00386
0.00387
0.00387
0.00387
0.00388
0.00388
0.00388
0.00388
0.00389
0.00389
0.00389
0.0039
0.00391
0.00391
0.00392
0.00393
0.00393
0.00395
0.00395
0.00396
0.00397
0.00397
0.00398
0.00399
0.00399
0.00401
0.00402
0.00405
0.00406
0.00407
0.0041
0.00411
0.00412
0.00412
0.00412
0.00413
0.00416
0.00416
0.00418
0.00419
0.00419
0.0042
0.0042
0.00421
0.00422
0.00422
0.00423
0.00423
0.00424
0.00424
0.00424
0.00426
0.00427
0.00428
0.00428
0.00428
0.0043
0.0043
0.00431
0.00433
0.00435
0.00436
0.00436
0.0044
0.0044
0.00441
0.00443
0.00445
0.00446
0.00447
0.00447
0.00447
0.00448
0.00448
0.00449
0.0045
0.0045
0.00451
0.00452
0.00452
0.00455
0.00455
0.00455
0.00456
0.00457
0.00458
0.00458
0.00458
0.00459
0.0046
0.00461
0.00461
0.00462
0.00465
0.00465
0.00466
0.00466
0.00467
0.00467
0.00468
0.00468
0.00468
0.00469
0.00469
0.00471
0.00471
0.00472
0.00473
0.00473
0.00475
0.00478
0.00481
0.00481
0.00482
0.00483
0.00483
0.00484
0.00485
0.00487
0.00488
0.00488
0.00489
0.0049
0.00491
0.00492
0.00493
0.00494
0.00496
0.00496
0.00496
0.00497
0.00499
0.00499
0.00501
0.00501
0.00502
0.00503
0.00504
0.00505
0.00505
0.00506
0.00507
0.00508
0.00509
0.00509
0.0051
0.00513
0.00513
0.00515
0.00516
0.00518
0.00519
0.00521
0.00524
0.00524
0.00525
0.00527
0.00529
0.00529
0.00531
0.00532
0.00532
0.00534
0.00535
0.00535
0.00537
0.00539
0.0054
0.00542
0.00542
0.00544
0.00547
0.00549
0.0055
0.00552
0.00553
0.00554
0.00555
0.00555
0.00555
0.00557
0.00561
0.00562
0.00565
0.00565
0.00568
0.00569
0.00569
0.00569
0.0057
0.00571
0.00572
0.00572
0.00573
0.00574
0.00574
0.00576
0.00576
0.00578
0.00578
0.00578
0.0058
0.0058
0.00584
0.00584
0.00585
0.00585
0.00586
0.00588
0.00588
0.00588
0.00589
0.00591
0.00592
0.00593
0.00594
0.00595
0.00596
0.00596
0.006
0.00602
0.00603
0.00604
0.00605
0.0061
0.0061
0.0061
0.00611
0.00612
0.00615
0.0062
0.0062
0.00623
0.00624
0.00624
0.00626
0.00627
0.00628
0.00629
0.00631
0.00631
0.00633
0.00633
0.00634
0.00636
0.00636
0.00636
0.0064
0.00641
0.00642
0.00642
0.00642
0.00643
0.00644
0.00644
0.00648
0.0065
0.00651
0.00651
0.00651
0.00653
0.00656
0.00656
0.00657
0.00657
0.00657
0.00659
0.00659
0.0066
0.00662
0.00663
0.00673
0.00674
0.00674
0.00675
0.00676
0.0068
0.00684
0.00684
0.00685
0.00686
0.00688
0.00688
0.00692
0.00692
0.00696
0.00701
0.00707
0.00708
0.00708
0.00711
0.00713
0.00713
0.00714
0.00715
0.00715
0.00716
0.00721
0.00722
0.00723
0.00724
0.00725
0.00733
0.00735
0.00737
0.00737
0.00739
0.00742
0.00751
0.00752
0.00757
0.00758
0.0076
0.00761
0.00764
0.00764
0.00765
0.00766
0.00767
0.00769
0.00771
0.00772
0.00778
0.00778
0.00778
0.0078
0.00781
0.00786
0.00788
0.00791
0.00793
0.00795
0.00795
0.00796
0.00798
0.00799
0.00799
0.00799
0.00802
0.00803
0.00806
0.00808
0.00811
0.00817
0.00821
0.00822
0.00822
0.00823
0.00824
0.00828
0.00834
0.00841
0.00842
0.00844
0.00845
0.00848
0.00849
0.00851
0.00853
0.00856
0.00857
0.00859
0.00861
0.00862
0.00863
0.00864
0.00864
0.00869
0.00871
0.00871
0.00872
0.00874
0.00876
0.00878
0.00886
0.00887
0.00888
0.00889
0.00892
0.00892
0.00895
0.00895
0.00901
0.00905
0.00906
0.00909
0.00909
0.00916
0.00918
0.00919
0.00926
0.00927
0.00929
0.0093
0.00938
0.00939
0.00941
0.00941
0.00944
0.00946
0.0095
0.00952
0.00961
0.00967
0.00972
0.00973
0.00975
0.00978
0.00979
0.0099
0.00991
0.00997
0.01002
0.01005
0.01005
0.01007
0.01008
0.0101
0.01013
0.01014
0.0102
0.01025
0.01027
0.01027
0.0103
0.01036
0.0104
0.01045
0.01054
0.0106
0.01063
0.01067
0.01069
0.01071
0.01078
0.01079
0.01082
0.01086
0.01086
0.01092
0.01092
0.01094
0.01098
0.01099
0.01105
0.01117
0.01121
0.01124
0.01125
0.01127
0.01128
0.01136
0.01141
0.01148
0.0115
0.0115
0.01151
0.01152
0.01154
0.01155
0.01159
0.01159
0.01161
0.01161
0.01166
0.01169
0.01176
0.01181
0.01181
0.01185
0.01204
0.01206
0.01206
0.01218
0.0122
0.01228
0.01229
0.0123
0.01251
0.01258
0.01259
0.01265
0.01269
0.01272
0.01277
0.01277
0.01279
0.01287
0.01287
0.01292
0.01301
0.01306
0.01308
0.01309
0.01316
0.01321
0.01322
0.01339
0.01347
0.01348
0.01349
0.01356
0.01357
0.01358
0.01358
0.0136
0.01366
0.01375
0.01376
0.01384
0.01385
0.01398
0.01401
0.01401
0.01405
0.01412
0.01412
0.0142
0.01423
0.01424
0.01429
0.01442
0.01451
0.01455
0.01456
0.01459
0.01465
0.01466
0.01468
0.01473
0.01478
0.01479
0.01484
0.01488
0.01502
0.01509
0.01517
0.01521
0.01532
0.01534
0.01538
0.01541
0.01542
0.01551
0.01557
0.01558
0.0157
0.01571
0.01572
0.01576
0.0158
0.01585
0.01591
0.01595
0.01598
0.01605
0.01609
0.01623
0.01627
0.01629
0.01634
0.01635
0.01638
0.01638
0.01643
0.01658
0.01679
0.01683
0.01684
0.01696
0.01707
0.01708
0.01709
0.01725
0.01734
0.0174
0.01741
0.01747
0.0176
0.01776
0.01784
0.01786
0.01787
0.01788
0.01807
0.01811
0.01813
0.01821
0.01826
0.01848
0.01849
0.01873
0.01874
0.01879
0.01888
0.01897
0.01902
0.01905
0.01911
0.01924
0.01929
0.01931
0.01938
0.01939
0.01958
0.01961
0.01981
0.01991
0.02008
0.02015
0.02025
0.02027
0.02032
0.02034
0.02037
0.02053
0.02053
0.02127
0.02131
0.02132
0.02137
0.02149
0.02151
0.02152
0.02189
0.02199
0.022
0.02224
0.02229
0.02253
0.02254
0.02261
0.02273
0.02287
0.02287
0.023
0.02311
0.02313
0.02363
0.02391
0.02421
0.02428
0.0243
0.0247
0.02501
0.02505
0.02544
0.02554
0.02558
0.02602
0.02633
0.02635
0.02639
0.02685
0.02713
0.02724
0.02726
0.02728
0.02793
0.02823
0.02892
0.02903
0.02913
0.02942
0.02966
0.02976
0.02986
0.03023
0.03071
0.03161
0.0317
0.03192
0.03293
0.03307
0.03324
0.0333
0.03358
0.03375
0.03433
0.03446
0.03461
0.03498
0.03543
0.03544
0.03554
0.03665
0.0371
0.03751
0.03751
0.03754
0.03766
0.03777
0.03782
0.03858
0.03866
0.03906
0.03938
0.03941
0.03952
0.0397
0.03982
0.0399
0.03993
0.04117
0.04118
0.04129
0.04156
0.0419
0.04279
0.0437
0.04382
0.04467
0.04496
0.04573
0.0462
0.04774
0.04792
0.04854
0.04861
0.04885
0.04958
0.04998
0.05091
0.05303
0.05327
0.05509
0.05542
0.0564
0.05795
0.05909
0.05962
0.06011
0.06017
0.06098
0.06116
0.06123
0.06199
0.06284
0.06357
0.06656
0.06892
0.071
0.07247
0.07433
0.07585
0.07858
0.0804
0.08063
0.08164
0.08322
0.084
0.08782
0.08862
0.08872
0.0921
0.10133
0.10375
0.10491
0.10888
0.10907
0.11487
0.11666
0.11759
0.14739
0.15538
0.15612
0.15621
0.16323
0.17754
0.1818
0.18689
0.19145
0.19356
0.19364
0.21213
0.21746
0.31217
0.32758
0.40356
0.74904
0.80006
