0.0001
0.0001
0.0001
0.00011
0.00011
0.00011
0.00011
0.00011
0.00011
0.00011
0.00011
0.00011
0.00012
0.00012
0.00012
0.00012
0.00012
0.00012
0.00012
0.00012
0.00012
0.00013
0.00013
0.00013
0.00013
0.00013
0.00013
0.00013
0.00013
0.00013
0.00013
0.00013
0.00013
0.00013
0.00014
0.00014
0.00014
0.00014
0.00014
0.00015
0.00015
0.00015
0.00015
0.00015
0.00015
0.00015
0.00015
0.00015
0.00015
0.00015
0.00015
0.00015
0.00015
0.00016
0.00016
0.00016
0.00016
0.00016
0.00016
0.00016
0.00016
0.00016
0.00016
0.00016
0.00016
0.00016
0.00016
0.00016
0.00016
0.00016
0.00016
0.00016
0.00016
0.00016
0.00016
0.00016
0.00016
0.00016
0.00017
0.00017
0.00017
0.00017
0.00017
0.00017
0.00017
0.00017
0.00017
0.00017
0.00017
0.00017
0.00017
0.00017
0.00017
0.00017
0.00017
0.00017
0.00017
0.00017
0.00017
0.00017
0.00018
0.00018
0.00018
0.00018
0.00018
0.00018
0.00018
0.00018
0.00018
0.00018
0.00018
0.00018
0.00018
0.00018
0.00018
0.00018
0.00018
0.00018
0.00018
0.00018
0.00018
0.00018
0.00018
0.00019
0.00019
0.00019
0.00019
0.00019
0.00019
0.00019
0.00019
0.00019
0.00019
0.00019
0.00019
0.00019
0.00019
0.00019
0.00019
0.0002
0.0002
0.0002
0.0002
0.0002
0.0002
0.0002
0.0002
0.0002
0.0002
0.0002
0.0002
0.0002
0.0002
0.0002
0.0002
0.0002
0.0002
0.0002
0.0002
0.0002
0.0002
0.0002
0.0002
0.0002
0.00021
0.00021
0.00021
0.00021
0.00021
0.00021
0.00021
0.00021
0.00021
0.00021
0.00021
0.00021
0.00021
0.00021
0.00021
0.00021
0.00021
0.00021
0.00021
0.00021
0.00021
0.00021
0.00021
0.00021
0.00021
0.00022
0.00022
0.00022
0.00022
0.00022
0.00022
0.00022
0.00022
0.00022
0.00022
0.00022
0.00022
0.00022
0.00022
0.00022
0.00022
0.00022
0.00022
0.00022
0.00023
0.00023
0.00023
0.00023
0.00023
0.00023
0.00023
0.00023
0.00023
0.00023
0.00023
0.00023
0.00023
0.00023
0.00023
0.00023
0.00023
0.00023
0.00023
0.00023
0.00023
0.00023
0.00024
0.00024
0.00024
0.00024
0.00024
0.00024
0.00024
0.00024
0.00024
0.00024
0.00024
0.00024
0.00024
0.00024
0.00024
0.00024
0.00024
0.00024
0.00024
0.00025
0.00025
0.00025
0.00025
0.00025
0.00025
0.00025
0.00025
0.00025
0.00025
0.00025
0.00025
0.00025
0.00025
0.00025
0.00025
0.00025
0.00025
0.00025
0.00025
0.00025
0.00026
0.00026
0.00026
0.00026
0.00026
0.00026
0.00026
0.00026
0.00026
0.00026
0.00026
0.00026
0.00026
0.00026
0.00026
0.00026
0.00026
0.00026
0.00026
0.00026
0.00026
0.00026
0.00026
0.00026
0.00026
0.00026
0.00026
0.00026
0.00026
0.00026
0.00026
0.00026
0.00026
0.00026
0.00027
0.00027
0.00027
0.00027
0.00027
0.00027
0.00027
0.00027
0.00027
0.00027
0.00027
0.00027
0.00027
0.00027
0.00027
0.00027
0.00027
0.00027
0.00027
0.00027
0.00027
0.00027
0.00027
0.00027
0.00027
0.00028
0.00028
0.00028
0.00028
0.00028
0.00028
0.00028
0.00028
0.00028
0.00028
0.00028
0.00028
0.00028
0.00028
0.00028
0.00028
0.00028
0.00028
0.00028
0.00028
0.00028
0.00028
0.00028
0.00028
0.00028
0.00029
0.00029
0.00029
0.00029
0.00029
0.00029
0.00029
0.00029
0.00029
0.00029
0.00029
0.00029
0.00029
0.00029
0.00029
0.00029
0.00029
0.00029
0.00029
0.00029
0.00029
0.00029
0.00029
0.00029
0.00029
0.00029
0.00029
0.00029
0.00029
0.00029
0.00029
0.00029
0.00029
0.0003
0.0003
0.0003
0.0003
0.0003
0.0003
0.0003
0.0003
0.0003
0.0003
0.0003
0.0003
0.0003
0.0003
0.0003
0.0003
0.0003
0.0003
0.0003
0.0003
0.0003
0.0003
0.0003
0.0003
0.0003
0.0003
0.0003
0.0003
0.00031
0.00031
0.00031
0.00031
0.00031
0.00031
0.00031
0.00031
0.00031
0.00031
0.00031
0.00031
0.00031
0.00031
0.00031
0.00031
0.00031
0.00031
0.00031
0.00031
0.00031
0.00031
0.00031
0.00031
0.00031
0.00031
0.00031
0.00031
0.00031
0.00031
0.00031
0.00032
0.00032
0.00032
0.00032
0.00032
0.00032
0.00032
0.00032
0.00032
0.00032
0.00032
0.00032
0.00032
0.00032
0.00032
0.00032
0.00032
0.00032
0.00032
0.00032
0.00032
0.00032
0.00032
0.00032
0.00032
0.00032
0.00032
0.00032
0.00033
0.00033
0.00033
0.00033
0.00033
0.00033
0.00033
0.00033
0.00033
0.00033
0.00033
0.00033
0.00033
0.00033
0.00033
0.00033
0.00033
0.00033
0.00033
0.00033
0.00033
0.00033
0.00033
0.00033
0.00033
0.00033
0.00033
0.00033
0.00033
0.00033
0.00033
0.00033
0.00033
0.00033
0.00033
0.00033
0.00033
0.00033
0.00033
0.00033
0.00033
0.00033
0.00034
0.00034
0.00034
0.00034
0.00034
0.00034
0.00034
0.00034
0.00034
0.00034
0.00034
0.00034
0.00034
0.00034
0.00034
0.00034
0.00034
0.00034
0.00034
0.00035
0.00035
0.00035
0.00035
0.00035
0.00035
0.00035
0.00035
0.00035
0.00035
0.00035
0.00035
0.00035
0.00035
0.00035
0.00035
0.00035
0.00035
0.00035
0.00035
0.00035
0.00035
0.00035
0.00035
0.00035
0.00035
0.00035
0.00035
0.00036
0.00036
0.00036
0.00036
0.00036
0.00036
0.00036
0.00036
0.00036
0.00036
0.00036
0.00036
0.00036
0.00036
0.00036
0.00036
0.00036
0.00036
0.00036
0.00036
0.00036
0.00036
0.00036
0.00036
0.00036
0.00036
0.00036
0.00036
0.00036
0.00036
0.00036
0.00036
0.00036
0.00036
0.00036
0.00036
0.00036
0.00036
0.00037
0.00037
0.00037
0.00037
0.00037
0.00037
0.00037
0.00037
0.00037
0.00037
0.00037
0.00037
0.00037
0.00037
0.00037
0.00037
0.00037
0.00037
0.00037
0.00037
0.00037
0.00037
0.00037
0.00037
0.00037
0.00037
0.00037
0.00037
0.00037
0.00037
0.00037
0.00038
0.00038
0.00038
0.00038
0.00038
0.00038
0.00038
0.00038
0.00038
0.00038
0.00038
0.00038
0.00038
0.00038
0.00038
0.00038
0.00038
0.00038
0.00038
0.00038
0.00038
0.00038
0.00038
0.00038
0.00038
0.00039
0.00039
0.00039
0.00039
0.00039
0.00039
0.00039
0.00039
0.00039
0.00039
0.00039
0.00039
0.00039
0.00039
0.00039
0.00039
0.00039
0.00039
0.00039
0.00039
0.00039
0.00039
0.0004
0.0004
0.0004
0.0004
0.0004
0.0004
0.0004
0.0004
0.0004
0.0004
0.0004
0.0004
0.0004
0.0004
0.0004
0.0004
0.0004
0.0004
0.0004
0.0004
0.0004
0.00041
0.00041
0.00041
0.00041
0.00041
0.00041
0.00041
0.00041
0.00041
0.00041
0.00041
0.00041
0.00041
0.00041
0.00041
0.00041
0.00041
0.00041
0.00041
0.00041
0.00041
0.00041
0.00041
0.00041
0.00041
0.00041
0.00041
0.00041
0.00041
0.00041
0.00041
0.00041
0.00041
0.00041
0.00042
0.00042
0.00042
0.00042
0.00042
0.00042
0.00042
0.00042
0.00042
0.00042
0.00042
0.00042
0.00042
0.00042
0.00042
0.00042
0.00042
0.00042
0.00042
0.00042
0.00042
0.00042
0.00042
0.00042
0.00042
0.00042
0.00042
0.00042
0.00043
0.00043
0.00043
0.00043
0.00043
0.00043
0.00043
0.00043
0.00043
0.00043
0.00043
0.00043
0.00043
0.00043
0.00043
0.00043
0.00043
0.00043
0.00043
0.00043
0.00043
0.00043
0.00043
0.00043
0.00043
0.00043
0.00043
0.00043
0.00043
0.00043
0.00043
0.00043
0.00043
0.00043
0.00043
0.00043
0.00043
0.00044
0.00044
0.00044
0.00044
0.00044
0.00044
0.00044
0.00044
0.00044
0.00044
0.00044
0.00044
0.00044
0.00044
0.00044
0.00044
0.00044
0.00044
0.00044
0.00044
0.00044
0.00044
0.00044
0.00044
0.00044
0.00045
0.00045
0.00045
0.00045
0.00045
0.00045
0.00045
0.00045
0.00045
0.00045
0.00045
0.00045
0.00045
0.00045
0.00045
0.00045
0.00045
0.00045
0.00045
0.00045
0.00045
0.00045
0.00045
0.00045
0.00045
0.00046
0.00046
0.00046
0.00046
0.00046
0.00046
0.00046
0.00046
0.00046
0.00046
0.00046
0.00046
0.00046
0.00046
0.00046
0.00046
0.00046
0.00046
0.00046
0.00046
0.00047
0.00047
0.00047
0.00047
0.00047
0.00047
0.00047
0.00047
0.00047
0.00047
0.00047
0.00047
0.00047
0.00047
0.00047
0.00047
0.00047
0.00047
0.00047
0.00047
0.00047
0.00047
0.00047
0.00047
0.00047
0.00047
0.00047
0.00047
0.00048
0.00048
0.00048
0.00048
0.00048
0.00048
0.00048
0.00048
0.00048
0.00048
0.00048
0.00048
0.00048
0.00048
0.00048
0.00048
0.00048
0.00048
0.00048
0.00048
0.00048
0.00048
0.00048
0.00048
0.00048
0.00048
0.00048
0.00048
0.00048
0.00048
0.00049
0.00049
0.00049
0.00049
0.00049
0.00049
0.00049
0.00049
0.00049
0.00049
0.00049
0.00049
0.00049
0.00049
0.00049
0.00049
0.00049
0.00049
0.0005
0.0005
0.0005
0.0005
0.0005
0.0005
0.0005
0.0005
0.0005
0.0005
0.0005
0.0005
0.0005
0.0005
0.0005
0.0005
0.0005
0.0005
0.0005
0.0005
0.0005
0.0005
0.0005
0.00051
0.00051
0.00051
0.00051
0.00051
0.00051
0.00051
0.00051
0.00051
0.00051
0.00051
0.00051
0.00051
0.00051
0.00051
0.00051
0.00051
0.00051
0.00051
0.00051
0.00051
0.00051
0.00051
0.00051
0.00051
0.00051
0.00051
0.00051
0.00051
0.00051
0.00051
0.00051
0.00052
0.00052
0.00052
0.00052
0.00052
0.00052
0.00052
0.00052
0.00052
0.00052
0.00052
0.00052
0.00052
0.00052
0.00052
0.00052
0.00052
0.00052
0.00052
0.00052
0.00052
0.00053
0.00053
0.00053
0.00053
0.00053
0.00053
0.00053
0.00053
0.00053
0.00053
0.00053
0.00053
0.00053
0.00053
0.00053
0.00053
0.00053
0.00053
0.00053
0.00053
0.00053
0.00053
0.00053
0.00053
0.00053
0.00053
0.00053
0.00054
0.00054
0.00054
0.00054
0.00054
0.00054
0.00054
0.00054
0.00054
0.00054
0.00054
0.00054
0.00054
0.00054
0.00054
0.00054
0.00054
0.00054
0.00054
0.00054
0.00054
0.00054
0.00054
0.00055
0.00055
0.00055
0.00055
0.00055
0.00055
0.00055
0.00055
0.00055
0.00055
0.00055
0.00055
0.00055
0.00055
0.00055
0.00055
0.00055
0.00055
0.00055
0.00055
0.00055
0.00055
0.00055
0.00055
0.00055
0.00055
0.00055
0.00055
0.00055
0.00055
0.00055
0.00055
0.00056
0.00056
0.00056
0.00056
0.00056
0.00056
0.00056
0.00056
0.00056
0.00056
0.00056
0.00056
0.00056
0.00056
0.00056
0.00056
0.00056
0.00056
0.00056
0.00056
0.00056
0.00056
0.00056
0.00056
0.00056
0.00056
0.00056
0.00056
0.00057
0.00057
0.00057
0.00057
0.00057
0.00057
0.00057
0.00057
0.00057
0.00057
0.00057
0.00057
0.00057
0.00057
0.00057
0.00057
0.00057
0.00057
0.00058
0.00058
0.00058
0.00058
0.00058
0.00058
0.00058
0.00058
0.00058
0.00058
0.00058
0.00058
0.00058
0.00058
0.00058
0.00058
0.00058
0.00058
0.00058
0.00058
0.00059
0.00059
0.00059
0.00059
0.00059
0.00059
0.00059
0.00059
0.00059
0.00059
0.00059
0.00059
0.00059
0.00059
0.00059
0.00059
0.00059
0.0006
0.0006
0.0006
0.0006
0.0006
0.0006
0.0006
0.0006
0.0006
0.0006
0.0006
0.0006
0.0006
0.0006
0.0006
0.0006
0.00061
0.00061
0.00061
0.00061
0.00061
0.00061
0.00061
0.00061
0.00061
0.00061
0.00061
0.00061
0.00061
0.00061
0.00061
0.00061
0.00061
0.00061
0.00061
0.00061
0.00061
0.00061
0.00061
0.00061
0.00061
0.00061
0.00061
0.00061
0.00061
0.00061
0.00062
0.00062
0.00062
0.00062
0.00062
0.00062
0.00062
0.00062
0.00062
0.00062
0.00062
0.00062
0.00062
0.00062
0.00062
0.00062
0.00062
0.00062
0.00062
0.00062
0.00062
0.00062
0.00062
0.00062
0.00062
0.00062
0.00063
0.00063
0.00063
0.00063
0.00063
0.00063
0.00063
0.00063
0.00063
0.00063
0.00063
0.00063
0.00063
0.00063
0.00063
0.00063
0.00063
0.00063
0.00063
0.00063
0.00064
0.00064
0.00064
0.00064
0.00064
0.00064
0.00064
0.00064
0.00064
0.00064
0.00064
0.00064
0.00064
0.00064
0.00064
0.00064
0.00064
0.00064
0.00064
0.00064
0.00064
0.00065
0.00065
0.00065
0.00065
0.00065
0.00065
0.00065
0.00065
0.00065
0.00065
0.00065
0.00065
0.00065
0.00065
0.00065
0.00065
0.00065
0.00065
0.00065
0.00066
0.00066
0.00066
0.00066
0.00066
0.00066
0.00066
0.00066
0.00066
0.00066
0.00066
0.00066
0.00066
0.00066
0.00066
0.00066
0.00066
0.00066
0.00066
0.00066
0.00067
0.00067
0.00067
0.00067
0.00067
0.00067
0.00067
0.00067
0.00067
0.00067
0.00067
0.00067
0.00067
0.00067
0.00067
0.00067
0.00067
0.00067
0.00067
0.00067
0.00067
0.00067
0.00067
0.00067
0.00067
0.00068
0.00068
0.00068
0.00068
0.00068
0.00068
0.00068
0.00068
0.00068
0.00068
0.00068
0.00068
0.00068
0.00068
0.00068
0.00068
0.00068
0.00069
0.00069
0.00069
0.00069
0.00069
0.00069
0.00069
0.00069
0.00069
0.00069
0.00069
0.00069
0.00069
0.00069
0.00069
0.00069
0.00069
0.00069
0.0007
0.0007
0.0007
0.0007
0.0007
0.0007
0.0007
0.0007
0.0007
0.0007
0.0007
0.0007
0.0007
0.0007
0.0007
0.0007
0.0007
0.00071
0.00071
0.00071
0.00071
0.00071
0.00071
0.00071
0.00071
0.00071
0.00071
0.00071
0.00071
0.00071
0.00071
0.00071
0.00071
0.00071
0.00072
0.00072
0.00072
0.00072
0.00072
0.00072
0.00072
0.00072
0.00072
0.00072
0.00072
0.00072
0.00072
0.00072
0.00072
0.00072
0.00072
0.00072
0.00072
0.00072
0.00072
0.00072
0.00073
0.00073
0.00073
0.00073
0.00073
0.00073
0.00073
0.00073
0.00073
0.00073
0.00073
0.00073
0.00073
0.00073
0.00073
0.00073
0.00073
0.00073
0.00073
0.00073
0.00073
0.00073
0.00073
0.00073
0.00074
0.00074
0.00074
0.00074
0.00074
0.00074
0.00074
0.00074
0.00074
0.00074
0.00074
0.00074
0.00074
0.00074
0.00074
0.00074
0.00074
0.00074
0.00074
0.00074
0.00074
0.00074
0.00074
0.00075
0.00075
0.00075
0.00075
0.00075
0.00075
0.00075
0.00075
0.00075
0.00075
0.00075
0.00075
0.00075
0.00075
0.00075
0.00075
0.00075
0.00075
0.00075
0.00075
0.00075
0.00075
0.00075
0.00075
0.00075
0.00075
0.00075
0.00075
0.00076
0.00076
0.00076
0.00076
0.00076
0.00076
0.00076
0.00076
0.00076
0.00076
0.00076
0.00076
0.00076
0.00076
0.00076
0.00076
0.00076
0.00076
0.00076
0.00077
0.00077
0.00077
0.00077
0.00077
0.00077
0.00077
0.00077
0.00077
0.00077
0.00077
0.00077
0.00077
0.00077
0.00078
0.00078
0.00078
0.00078
0.00078
0.00078
0.00078
0.00078
0.00078
0.00078
0.00078
0.00078
0.00078
0.00078
0.00078
0.00078
0.00078
0.00079
0.00079
0.00079
0.00079
0.00079
0.00079
0.00079
0.00079
0.00079
0.00079
0.00079
0.00079
0.00079
0.00079
0.00079
0.00079
0.00079
0.00079
0.00079
0.0008
0.0008
0.0008
0.0008
0.0008
0.0008
0.0008
0.0008
0.0008
0.0008
0.0008
0.0008
0.0008
0.0008
0.0008
0.0008
0.0008
0.0008
0.0008
0.0008
0.0008
0.0008
0.00081
0.00081
0.00081
0.00081
0.00081
0.00081
0.00081
0.00081
0.00081
0.00081
0.00081
0.00081
0.00081
0.00081
0.00081
0.00081
0.00081
0.00081
0.00081
0.00082
0.00082
0.00082
0.00082
0.00082
0.00082
0.00082
0.00082
0.00082
0.00082
0.00082
0.00082
0.00082
0.00082
0.00083
0.00083
0.00083
0.00083
0.00083
0.00083
0.00083
0.00083
0.00083
0.00083
0.00083
0.00083
0.00083
0.00083
0.00083
0.00083
0.00083
0.00083
0.00083
0.00083
0.00083
0.00084
0.00084
0.00084
0.00084
0.00084
0.00084
0.00084
0.00084
0.00084
0.00084
0.00084
0.00084
0.00084
0.00084
0.00085
0.00085
0.00085
0.00085
0.00085
0.00085
0.00085
0.00085
0.00085
0.00085
0.00085
0.00085
0.00085
0.00085
0.00085
0.00085
0.00085
0.00085
0.00086
0.00086
0.00086
0.00086
0.00086
0.00086
0.00086
0.00086
0.00086
0.00086
0.00086
0.00086
0.00087
0.00087
0.00087
0.00087
0.00087
0.00087
0.00087
0.00087
0.00087
0.00087
0.00087
0.00087
0.00087
0.00087
0.00087
0.00087
0.00088
0.00088
0.00088
0.00088
0.00088
0.00088
0.00088
0.00088
0.00088
0.00088
0.00088
0.00088
0.00088
0.00088
0.00089
0.00089
0.00089
0.00089
0.00089
0.00089
0.00089
0.00089
0.00089
0.00089
0.00089
0.00089
0.00089
0.00089
0.0009
0.0009
0.0009
0.0009
0.0009
0.0009
0.0009
0.0009
0.0009
0.0009
0.0009
0.00091
0.00091
0.00091
0.00091
0.00091
0.00091
0.00091
0.00091
0.00091
0.00091
0.00091
0.00091
0.00091
0.00091
0.00092
0.00092
0.00092
0.00092
0.00092
0.00092
0.00092
0.00092
0.00092
0.00092
0.00092
0.00092
0.00092
0.00092
0.00093
0.00093
0.00093
0.00093
0.00093
0.00093
0.00093
0.00093
0.00093
0.00093
0.00093
0.00093
0.00093
0.00093
0.00094
0.00094
0.00094
0.00094
0.00094
0.00094
0.00094
0.00094
0.00094
0.00094
0.00094
0.00095
0.00095
0.00095
0.00095
0.00095
0.00095
0.00095
0.00095
0.00095
0.00095
0.00096
0.00096
0.00096
0.00096
0.00096
0.00096
0.00096
0.00096
0.00096
0.00096
0.00097
0.00097
0.00097
0.00097
0.00097
0.00097
0.00097
0.00097
0.00097
0.00097
0.00097
0.00097
0.00098
0.00098
0.00098
0.00098
0.00098
0.00098
0.00098
0.00098
0.00098
0.00098
0.00098
0.00098
0.00098
0.00098
0.00098
0.00098
0.00098
0.00098
0.00098
0.00099
0.00099
0.00099
0.00099
0.00099
0.00099
0.00099
0.00099
0.00099
0.00099
0.001
0.001
0.001
0.001
0.001
0.001
0.001
0.001
0.001
0.001
0.001
0.001
0.001
0.00101
0.00101
0.00101
0.00101
0.00101
0.00101
0.00101
0.00101
0.00101
0.00101
0.00102
0.00102
0.00102
0.00102
0.00102
0.00102
0.00102
0.00102
0.00102
0.00102
0.00102
0.00102
0.00102
0.00103
0.00103
0.00103
0.00103
0.00103
0.00103
0.00103
0.00103
0.00103
0.00103
0.00104
0.00104
0.00104
0.00104
0.00104
0.00104
0.00104
0.00104
0.00104
0.00104
0.00104
0.00104
0.00104
0.00104
0.00104
0.00104
0.00104
0.00104
0.00105
0.00105
0.00105
0.00105
0.00105
0.00105
0.00105
0.00105
0.00105
0.00105
0.00106
0.00106
0.00106
0.00106
0.00106
0.00106
0.00106
0.00106
0.00107
0.00107
0.00107
0.00107
0.00107
0.00107
0.00107
0.00107
0.00107
0.00107
0.00108
0.00108
0.00108
0.00108
0.00108
0.00108
0.00108
0.00108
0.00108
0.00109
0.00109
0.00109
0.00109
0.00109
0.00109
0.00109
0.00109
0.00109
0.00109
0.00109
0.00109
0.00109
0.00109
0.00109
0.0011
0.0011
0.0011
0.0011
0.0011
0.0011
0.0011
0.0011
0.0011
0.0011
0.0011
0.0011
0.0011
0.00111
0.00111
0.00111
0.00111
0.00111
0.00111
0.00112
0.00112
0.00112
0.00112
0.00112
0.00112
0.00112
0.00112
0.00112
0.00112
0.00112
0.00112
0.00112
0.00112
0.00113
0.00113
0.00113
0.00113
0.00113
0.00114
0.00114
0.00114
0.00114
0.00114
0.00114
0.00114
0.00114
0.00114
0.00114
0.00115
0.00115
0.00115
0.00115
0.00115
0.00115
0.00115
0.00115
0.00115
0.00115
0.00115
0.00115
0.00115
0.00115
0.00115
0.00115
0.00116
0.00116
0.00116
0.00116
0.00116
0.00116
0.00116
0.00116
0.00116
0.00116
0.00117
0.00117
0.00117
0.00117
0.00117
0.00117
0.00117
0.00117
0.00117
0.00117
0.00117
0.00118
0.00118
0.00118
0.00118
0.00118
0.00118
0.00118
0.00118
0.00118
0.00118
0.00119
0.00119
0.00119
0.00119
0.00119
0.00119
0.0012
0.0012
0.0012
0.0012
0.0012
0.0012
0.0012
0.00121
0.00121
0.00121
0.00121
0.00121
0.00121
0.00121
0.00121
0.00121
0.00121
0.00122
0.00122
0.00122
0.00122
0.00122
0.00122
0.00122
0.00122
0.00122
0.00122
0.00123
0.00123
0.00123
0.00123
0.00123
0.00123
0.00123
0.00123
0.00124
0.00124
0.00124
0.00124
0.00124
0.00124
0.00124
0.00124
0.00124
0.00124
0.00124
0.00125
0.00125
0.00125
0.00125
0.00125
0.00125
0.00125
0.00125
0.00126
0.00126
0.00126
0.00126
0.00126
0.00126
0.00126
0.00127
0.00127
0.00127
0.00127
0.00127
0.00127
0.00127
0.00128
0.00128
0.00128
0.00128
0.00128
0.00128
0.00128
0.00128
0.00128
0.00128
0.00128
0.00129
0.00129
0.00129
0.00129
0.00129
0.00129
0.00129
0.0013
0.0013
0.0013
0.0013
0.00131
0.00131
0.00131
0.00131
0.00131
0.00131
0.00132
0.00132
0.00132
0.00132
0.00132
0.00132
0.00132
0.00133
0.00133
0.00133
0.00133
0.00133
0.00133
0.00133
0.00133
0.00133
0.00133
0.00133
0.00134
0.00134
0.00134
0.00134
0.00134
0.00134
0.00134
0.00134
0.00135
0.00135
0.00135
0.00135
0.00135
0.00135
0.00135
0.00136
0.00136
0.00136
0.00136
0.00136
0.00136
0.00136
0.00136
0.00136
0.00136
0.00136
0.00137
0.00137
0.00137
0.00137
0.00137
0.00137
0.00137
0.00137
0.00138
0.00138
0.00138
0.00138
0.00138
0.00138
0.00138
0.00138
0.00138
0.00138
0.00138
0.00138
0.00138
0.00139
0.00139
0.00139
0.00139
0.0014
0.0014
0.0014
0.0014
0.0014
0.0014
0.0014
0.0014
0.0014
0.0014
0.0014
0.00141
0.00141
0.00141
0.00141
0.00141
0.00141
0.00141
0.00142
0.00142
0.00142
0.00142
0.00142
0.00143
0.00143
0.00143
0.00143
0.00143
0.00143
0.00143
0.00143
0.00143
0.00143
0.00143
0.00143
0.00144
0.00144
0.00144
0.00144
0.00144
0.00144
0.00144
0.00144
0.00144
0.00144
0.00144
0.00144
0.00144
0.00145
0.00145
0.00145
0.00145
0.00146
0.00146
0.00146
0.00146
0.00146
0.00146
0.00146
0.00146
0.00146
0.00146
0.00147
0.00147
0.00147
0.00147
0.00147
0.00147
0.00147
0.00148
0.00148
0.00148
0.00149
0.00149
0.00149
0.00149
0.00149
0.0015
0.0015
0.0015
0.0015
0.0015
0.0015
0.0015
0.0015
0.0015
0.0015
0.00151
0.00151
0.00151
0.00151
0.00151
0.00151
0.00152
0.00152
0.00152
0.00152
0.00152
0.00153
0.00153
0.00153
0.00153
0.00153
0.00153
0.00153
0.00154
0.00154
0.00154
0.00155
0.00155
0.00155
0.00155
0.00155
0.00155
0.00155
0.00156
0.00156
0.00157
0.00157
0.00157
0.00157
0.00158
0.00158
0.00158
0.00158
0.00158
0.00159
0.00159
0.00159
0.00159
0.0016
0.0016
0.0016
0.0016
0.0016
0.00161
0.00161
0.00161
0.00161
0.00161
0.00161
0.00162
0.00162
0.00162
0.00162
0.00162
0.00162
0.00163
0.00163
0.00164
0.00164
0.00164
0.00164
0.00164
0.00164
0.00164
0.00164
0.00164
0.00164
0.00165
0.00165
0.00165
0.00165
0.00165
0.00165
0.00165
0.00166
0.00166
0.00166
0.00167
0.00167
0.00167
0.00167
0.00167
0.00167
0.00167
0.00168
0.00168
0.00168
0.00168
0.00168
0.00168
0.00168
0.00169
0.00169
0.00169
0.00169
0.00169
0.00169
0.0017
0.0017
0.0017
0.0017
0.00171
0.00171
0.00171
0.00171
0.00171
0.00171
0.00172
0.00172
0.00172
0.00173
0.00173
0.00173
0.00173
0.00174
0.00174
0.00174
0.00174
0.00174
0.00174
0.00174
0.00174
0.00174
0.00174
0.00174
0.00175
0.00175
0.00175
0.00175
0.00176
0.00176
0.00176
0.00176
0.00176
0.00176
0.00176
0.00176
0.00176
0.00177
0.00177
0.00177
0.00177
0.00177
0.00177
0.00177
0.00177
0.00177
0.00178
0.00178
0.00178
0.00179
0.00179
0.00179
0.00179
0.00179
0.00179
0.00179
0.0018
0.0018
0.0018
0.0018
0.0018
0.0018
0.00181
0.00181
0.00181
0.00181
0.00181
0.00181
0.00181
0.00181
0.00181
0.00182
0.00182
0.00182
0.00182
0.00183
0.00184
0.00184
0.00184
0.00184
0.00185
0.00185
0.00185
0.00185
0.00186
0.00186
0.00186
0.00187
0.00187
0.00187
0.00187
0.00187
0.00187
0.00188
0.00188
0.00188
0.00188
0.00188
0.00188
0.00189
0.00189
0.0019
0.0019
0.0019
0.0019
0.0019
0.0019
0.0019
0.00191
0.00191
0.00191
0.00191
0.00191
0.00191
0.00192
0.00192
0.00192
0.00192
0.00193
0.00193
0.00193
0.00193
0.00193
0.00194
0.00194
0.00194
0.00195
0.00195
0.00195
0.00195
0.00195
0.00195
0.00196
0.00196
0.00196
0.00196
0.00197
0.00197
0.00197
0.00198
0.00198
0.00198
0.00198
0.00198
0.00198
0.00198
0.00198
0.00198
0.00199
0.00199
0.00199
0.002
0.002
0.002
0.002
0.002
0.002
0.00201
0.00201
0.00201
0.00201
0.00202
0.00202
0.00202
0.00202
0.00203
0.00203
0.00203
0.00203
0.00203
0.00203
0.00203
0.00204
0.00204
0.00204
0.00204
0.00204
0.00204
0.00205
0.00205
0.00205
0.00205
0.00205
0.00205
0.00206
0.00207
0.00207
0.00207
0.00207
0.00208
0.00208
0.00208
0.00209
0.00209
0.00209
0.00209
0.0021
0.00211
0.00211
0.00211
0.00211
0.00212
0.00212
0.00212
0.00212
0.00213
0.00214
0.00214
0.00215
0.00215
0.00215
0.00215
0.00216
0.00216
0.00216
0.00217
0.00217
0.00217
0.00217
0.00217
0.00217
0.00217
0.00218
0.00218
0.00218
0.00219
0.00219
0.00219
0.00219
0.0022
0.0022
0.00221
0.00221
0.00221
0.00222
0.00223
0.00223
0.00223
0.00224
0.00224
0.00225
0.00225
0.00225
0.00226
0.00226
0.00227
0.00227
0.00228
0.00228
0.00228
0.00229
0.00229
0.00229
0.00229
0.00229
0.00229
0.00229
0.00229
0.00229
0.00229
0.0023
0.0023
0.0023
0.00231
0.00231
0.00231
0.00232
0.00232
0.00233
0.00233
0.00234
0.00234
0.00235
0.00235
0.00235
0.00235
0.00235
0.00235
0.00236
0.00236
0.00236
0.00237
0.00238
0.00238
0.00239
0.00239
0.00239
0.00239
0.00239
0.00239
0.00241
0.00241
0.00241
0.00241
0.00241
0.00242
0.00242
0.00242
0.00243
0.00243
0.00243
0.00243
0.00244
0.00245
0.00245
0.00245
0.00245
0.00245
0.00246
0.00246
0.00246
0.00246
0.00247
0.00247
0.00248
0.00249
0.00249
0.00249
0.00249
0.00249
0.00249
0.00249
0.0025
0.0025
0.0025
0.00251
0.00251
0.00251
0.00251
0.00251
0.00251
0.00251
0.00252
0.00252
0.00252
0.00253
0.00254
0.00254
0.00254
0.00254
0.00254
0.00255
0.00255
0.00255
0.00255
0.00256
0.00257
0.00257
0.00257
0.00258
0.00258
0.00258
0.00259
0.00259
0.00259
0.00259
0.00259
0.00261
0.00261
0.00261
0.00261
0.00261
0.00262
0.00263
0.00263
0.00263
0.00263
0.00264
0.00265
0.00265
0.00265
0.00265
0.00267
0.00267
0.00267
0.00268
0.00269
0.00269
0.0027
0.0027
0.0027
0.0027
0.0027
0.00271
0.00271
0.00273
0.00273
0.00273
0.00273
0.00273
0.00274
0.00275
0.00275
0.00276
0.00276
0.00277
0.00277
0.00278
0.00278
0.00279
0.0028
0.0028
0.0028
0.00281
0.00281
0.00281
0.00282
0.00282
0.00282
0.00282
0.00283
0.00284
0.00284
0.00284
0.00284
0.00285
0.00285
0.00285
0.00286
0.00286
0.00287
0.00287
0.00288
0.00288
0.00288
0.00289
0.0029
0.0029
0.0029
0.00291
0.00291
0.00291
0.00291
0.00291
0.00293
0.00293
0.00293
0.00293
0.00295
0.00296
0.00296
0.00296
0.00297
0.00298
0.00298
0.00299
0.00299
0.00299
0.00299
0.00299
0.00299
0.00299
0.003
0.00301
0.00302
0.00303
0.00304
0.00304
0.00304
0.00305
0.00305
0.00306
0.00307
0.00307
0.00307
0.00308
0.00309
0.0031
0.00311
0.00311
0.00311
0.00311
0.00311
0.00311
0.00311
0.00312
0.00312
0.00312
0.00313
0.00313
0.00314
0.00314
0.00314
0.00315
0.00315
0.00315
0.00315
0.00317
0.00317
0.00317
0.00317
0.00317
0.00318
0.00318
0.00319
0.0032
0.0032
0.00321
0.00322
0.00322
0.00324
0.00324
0.00324
0.00324
0.00327
0.00327
0.00328
0.00328
0.0033
0.0033
0.0033
0.0033
0.0033
0.00331
0.00331
0.00332
0.00332
0.00333
0.00334
0.00334
0.00334
0.00335
0.00335
0.00335
0.00336
0.00337
0.00337
0.00339
0.0034
0.0034
0.0034
0.00343
0.00344
0.00344
0.00346
0.00346
0.00347
0.00347
0.00347
0.00348
0.00348
0.00348
0.00349
0.0035
0.0035
0.00353
0.00353
0.00354
0.00354
0.00355
0.00355
0.00356
0.00357
0.00357
0.00357
0.00357
0.00358
0.00358
0.00359
0.00359
0.0036
0.00362
0.00363
0.00363
0.00363
0.00366
0.00367
0.00368
0.00368
0.00368
0.00369
0.00371
0.00373
0.00373
0.00373
0.00375
0.00375
0.00376
0.00377
0.00377
0.00379
0.00379
0.0038
0.0038
0.00381
0.00382
0.00383
0.00384
0.00386
0.00386
0.00387
0.00388
0.00388
0.0039
0.0039
0.0039
0.0039
0.0039
0.00391
0.00392
0.00392
0.00394
0.00394
0.00395
0.00395
0.00395
0.00395
0.00397
0.00399
0.00399
0.00399
0.004
0.00403
0.00403
0.00405
0.00407
0.00408
0.00408
0.00408
0.00411
0.00413
0.00414
0.00414
0.00414
0.00415
0.00418
0.00419
0.0042
0.0042
0.0042
0.00424
0.00426
0.00426
0.00427
0.00429
0.0043
0.00431
0.00435
0.00435
0.00438
0.00439
0.0044
0.0044
0.00442
0.00443
0.00443
0.00443
0.00444
0.00444
0.00446
0.00446
0.00447
0.00449
0.00451
0.00451
0.00452
0.00453
0.00454
0.00457
0.00458
0.00458
0.00458
0.0046
0.00461
0.00461
0.00462
0.00463
0.00464
0.00465
0.00466
0.00467
0.00468
0.0047
0.00471
0.00471
0.00472
0.00472
0.00475
0.00476
0.00476
0.00477
0.00477
0.00478
0.00479
0.00481
0.00485
0.0049
0.0049
0.0049
0.00491
0.00495
0.00495
0.00496
0.00496
0.00498
0.00498
0.00499
0.00499
0.005
0.005
0.00502
0.00502
0.00502
0.00503
0.00505
0.00505
0.00505
0.00506
0.00508
0.00508
0.00509
0.00512
0.00515
0.00516
0.00516
0.00517
0.00518
0.00518
0.00522
0.00522
0.00522
0.00523
0.00524
0.00524
0.00527
0.00527
0.00528
0.00529
0.0053
0.00533
0.00534
0.00537
0.00539
0.0054
0.00541
0.00543
0.00545
0.00545
0.00548
0.00549
0.00551
0.00551
0.00554
0.00556
0.00556
0.00557
0.00559
0.00561
0.00563
0.00565
0.0057
0.0057
0.00571
0.00576
0.00576
0.00579
0.00582
0.00583
0.00583
0.00586
0.00586
0.00589
0.00589
0.0059
0.00594
0.00596
0.00596
0.00596
0.00596
0.00597
0.00598
0.00598
0.00598
0.00604
0.00604
0.00605
0.00607
0.00607
0.00608
0.0061
0.00611
0.00612
0.00615
0.00619
0.00623
0.00627
0.00628
0.00628
0.00629
0.00629
0.00629
0.0063
0.00632
0.00633
0.00634
0.00637
0.0064
0.00644
0.00645
0.00646
0.00648
0.00648
0.00653
0.00655
0.00657
0.00658
0.00662
0.00663
0.00664
0.00667
0.00668
0.00669
0.00673
0.00678
0.00681
0.00687
0.00687
0.00688
0.00689
0.00696
0.007
0.00704
0.00713
0.00713
0.00715
0.0072
0.00723
0.00726
0.00727
0.00727
0.00728
0.00729
0.00732
0.0074
0.00742
0.00745
0.00751
0.00752
0.00759
0.00761
0.00772
0.00772
0.00774
0.00776
0.00782
0.00783
0.00784
0.00788
0.00788
0.00788
0.00792
0.00799
0.008
0.00801
0.00806
0.00842
0.00843
0.00844
0.00854
0.00861
0.00864
0.00871
0.00896
0.00897
0.00901
0.00906
0.00917
0.0092
0.00923
0.00923
0.00933
0.00934
0.00936
0.00937
0.00952
0.00955
0.0096
0.0096
0.00973
0.0099
0.00995
0.01011
0.01015
0.01017
0.01031
0.01031
0.0104
0.01042
0.01049
0.01051
0.01053
0.01066
0.01087
0.01087
0.01098
0.01111
0.01115
0.01119
0.01128
0.01138
0.01143
0.01153
0.01159
0.01163
0.01163
0.01186
0.01192
0.01195
0.01212
0.0122
0.01228
0.01235
0.01244
0.01252
0.01263
0.01265
0.01276
0.01277
0.01277
0.01304
0.01314
0.01343
0.01344
0.01345
0.01351
0.01379
0.01401
0.01427
0.01436
0.0145
0.01461
0.01469
0.01525
0.01617
0.01623
0.01625
0.01659
0.01664
0.01669
0.01686
0.01743
0.01782
0.01783
0.01786
0.01827
0.01859
0.01875
0.01933
0.01967
0.01985
0.02002
0.02011
0.02066
0.02128
0.02229
0.02248
0.02263
0.02282
0.02302
0.02305
0.02307
0.02318
0.02322
0.02359
0.02459
0.02499
0.02521
0.02548
0.0263
0.02667
0.02845
0.02929
0.02949
0.02955
0.02959
0.02981
0.02987
0.03027
0.03185
0.03257
0.03284
0.03477
0.03535
0.03593
0.03702
0.03706
0.03722
0.0397
0.0406
0.0413
0.04187
0.04277
0.0443
0.04487
0.04501
0.04706
0.04855
0.04996
0.05053
0.05062
0.05102
0.05159
0.05419
0.05652
0.0567
0.05746
0.06122
0.06569
0.07356
0.07645
0.07723
0.08071
0.12771
0.13537
0.13924
0.14334
0.15303
0.1612
