0.0001
0.0001
0.0001
0.0001
0.0001
0.0001
0.0001
0.0001
0.0001
0.0001
0.0001
0.0001
0.0001
0.0001
0.00011
0.00011
0.00011
0.00011
0.00011
0.00011
0.00011
0.00011
0.00011
0.00011
0.00011
0.00011
0.00011
0.00011
0.00011
0.00011
0.00011
0.00011
0.00011
0.00011
0.00011
0.00011
0.00011
0.00011
0.00011
0.00011
0.00011
0.00011
0.00012
0.00012
0.00012
0.00012
0.00012
0.00012
0.00012
0.00012
0.00012
0.00012
0.00012
0.00012
0.00012
0.00012
0.00012
0.00012
0.00012
0.00012
0.00012
0.00012
0.00012
0.00012
0.00012
0.00012
0.00012
0.00012
0.00012
0.00012
0.00012
0.00012
0.00013
0.00013
0.00013
0.00013
0.00013
0.00013
0.00013
0.00013
0.00013
0.00013
0.00013
0.00013
0.00013
0.00013
0.00013
0.00013
0.00014
0.00014
0.00014
0.00014
0.00014
0.00014
0.00014
0.00014
0.00014
0.00014
0.00014
0.00014
0.00014
0.00014
0.00014
0.00014
0.00014
0.00015
0.00015
0.00015
0.00015
0.00015
0.00015
0.00015
0.00015
0.00015
0.00015
0.00015
0.00015
0.00015
0.00015
0.00015
0.00015
0.00015
0.00015
0.00015
0.00015
0.00015
0.00016
0.00016
0.00016
0.00016
0.00016
0.00016
0.00016
0.00016
0.00016
0.00016
0.00016
0.00016
0.00016
0.00016
0.00016
0.00016
0.00016
0.00016
0.00016
0.00016
0.00016
0.00016
0.00016
0.00016
0.00016
0.00017
0.00017
0.00017
0.00017
0.00017
0.00017
0.00017
0.00017
0.00017
0.00017
0.00017
0.00017
0.00017
0.00017
0.00017
0.00017
0.00017
0.00017
0.00017
0.00017
0.00017
0.00017
0.00017
0.00017
0.00017
0.00017
0.00017
0.00017
0.00017
0.00017
0.00017
0.00017
0.00017
0.00017
0.00017
0.00017
0.00017
0.00017
0.00017
0.00018
0.00018
0.00018
0.00018
0.00018
0.00018
0.00018
0.00018
0.00018
0.00018
0.00018
0.00018
0.00018
0.00018
0.00018
0.00018
0.00019
0.00019
0.00019
0.00019
0.00019
0.00019
0.00019
0.00019
0.00019
0.00019
0.00019
0.00019
0.00019
0.00019
0.00019
0.00019
0.00019
0.00019
0.00019
0.00019
0.00019
0.00019
0.00019
0.00019
0.00019
0.00019
0.00019
0.00019
0.00019
0.0002
0.0002
0.0002
0.0002
0.0002
0.0002
0.0002
0.0002
0.0002
0.0002
0.0002
0.0002
0.0002
0.0002
0.0002
0.0002
0.0002
0.0002
0.0002
0.0002
0.0002
0.0002
0.0002
0.0002
0.0002
0.0002
0.0002
0.0002
0.0002
0.0002
0.0002
0.0002
0.0002
0.0002
0.00021
0.00021
0.00021
0.00021
0.00021
0.00021
0.00021
0.00021
0.00021
0.00021
0.00021
0.00021
0.00021
0.00021
0.00021
0.00021
0.00021
0.00021
0.00021
0.00021
0.00021
0.00021
0.00021
0.00021
0.00022
0.00022
0.00022
0.00022
0.00022
0.00022
0.00022
0.00022
0.00022
0.00022
0.00022
0.00022
0.00022
0.00022
0.00022
0.00022
0.00022
0.00022
0.00022
0.00022
0.00022
0.00022
0.00022
0.00022
0.00022
0.00022
0.00022
0.00022
0.00022
0.00022
0.00023
0.00023
0.00023
0.00023
0.00023
0.00023
0.00023
0.00023
0.00023
0.00023
0.00023
0.00023
0.00023
0.00023
0.00023
0.00023
0.00023
0.00023
0.00023
0.00023
0.00023
0.00023
0.00023
0.00023
0.00023
0.00023
0.00023
0.00024
0.00024
0.00024
0.00024
0.00024
0.00024
0.00024
0.00024
0.00024
0.00024
0.00024
0.00024
0.00024
0.00024
0.00024
0.00024
0.00024
0.00025
0.00025
0.00025
0.00025
0.00025
0.00025
0.00025
0.00025
0.00025
0.00025
0.00025
0.00025
0.00025
0.00025
0.00025
0.00025
0.00025
0.00025
0.00025
0.00025
0.00025
0.00025
0.00025
0.00025
0.00026
0.00026
0.00026
0.00026
0.00026
0.00026
0.00026
0.00026
0.00026
0.00026
0.00026
0.00026
0.00026
0.00026
0.00026
0.00026
0.00026
0.00026
0.00026
0.00026
0.00026
0.00026
0.00026
0.00026
0.00026
0.00026
0.00026
0.00026
0.00027
0.00027
0.00027
0.00027
0.00027
0.00027
0.00027
0.00027
0.00027
0.00027
0.00027
0.00027
0.00027
0.00027
0.00027
0.00027
0.00027
0.00027
0.00027
0.00027
0.00027
0.00028
0.00028
0.00028
0.00028
0.00028
0.00028
0.00028
0.00028
0.00028
0.00028
0.00028
0.00028
0.00028
0.00028
0.00028
0.00028
0.00029
0.00029
0.00029
0.00029
0.00029
0.00029
0.00029
0.00029
0.00029
0.00029
0.00029
0.00029
0.00029
0.00029
0.00029
0.0003
0.0003
0.0003
0.0003
0.0003
0.0003
0.0003
0.0003
0.0003
0.0003
0.0003
0.0003
0.0003
0.0003
0.0003
0.0003
0.0003
0.0003
0.0003
0.0003
0.0003
0.0003
0.0003
0.0003
0.0003
0.0003
0.0003
0.0003
0.00031
0.00031
0.00031
0.00031
0.00031
0.00031
0.00031
0.00031
0.00031
0.00031
0.00031
0.00031
0.00031
0.00031
0.00031
0.00031
0.00031
0.00031
0.00031
0.00031
0.00032
0.00032
0.00032
0.00032
0.00032
0.00032
0.00032
0.00032
0.00032
0.00032
0.00032
0.00032
0.00032
0.00032
0.00032
0.00032
0.00032
0.00032
0.00032
0.00032
0.00033
0.00033
0.00033
0.00033
0.00033
0.00033
0.00033
0.00033
0.00033
0.00033
0.00033
0.00033
0.00033
0.00033
0.00033
0.00033
0.00033
0.00033
0.00033
0.00033
0.00033
0.00033
0.00034
0.00034
0.00034
0.00034
0.00034
0.00034
0.00034
0.00034
0.00034
0.00034
0.00034
0.00034
0.00034
0.00034
0.00034
0.00034
0.00034
0.00034
0.00034
0.00034
0.00034
0.00035
0.00035
0.00035
0.00035
0.00035
0.00035
0.00035
0.00035
0.00035
0.00035
0.00035
0.00035
0.00035
0.00035
0.00035
0.00035
0.00035
0.00035
0.00035
0.00035
0.00035
0.00035
0.00035
0.00035
0.00035
0.00035
0.00035
0.00036
0.00036
0.00036
0.00036
0.00036
0.00036
0.00036
0.00036
0.00036
0.00036
0.00036
0.00036
0.00036
0.00036
0.00036
0.00036
0.00036
0.00036
0.00036
0.00036
0.00036
0.00036
0.00036
0.00036
0.00036
0.00036
0.00036
0.00037
0.00037
0.00037
0.00037
0.00037
0.00037
0.00037
0.00037
0.00037
0.00037
0.00037
0.00037
0.00037
0.00037
0.00037
0.00037
0.00037
0.00037
0.00037
0.00037
0.00037
0.00037
0.00037
0.00037
0.00037
0.00037
0.00038
0.00038
0.00038
0.00038
0.00038
0.00038
0.00038
0.00038
0.00038
0.00038
0.00038
0.00038
0.00038
0.00038
0.00038
0.00038
0.00038
0.00038
0.00038
0.00038
0.00038
0.00038
0.00038
0.00038
0.00038
0.00038
0.00039
0.00039
0.00039
0.00039
0.00039
0.00039
0.00039
0.00039
0.00039
0.00039
0.00039
0.00039
0.00039
0.00039
0.00039
0.00039
0.00039
0.00039
0.00039
0.0004
0.0004
0.0004
0.0004
0.0004
0.0004
0.0004
0.0004
0.0004
0.0004
0.0004
0.0004
0.0004
0.0004
0.0004
0.0004
0.0004
0.0004
0.0004
0.0004
0.0004
0.0004
0.0004
0.0004
0.0004
0.00041
0.00041
0.00041
0.00041
0.00041
0.00041
0.00041
0.00041
0.00041
0.00041
0.00041
0.00041
0.00041
0.00041
0.00041
0.00041
0.00041
0.00041
0.00041
0.00041
0.00041
0.00042
0.00042
0.00042
0.00042
0.00042
0.00042
0.00042
0.00042
0.00042
0.00042
0.00042
0.00042
0.00042
0.00042
0.00042
0.00042
0.00042
0.00042
0.00042
0.00042
0.00042
0.00042
0.00042
0.00042
0.00042
0.00043
0.00043
0.00043
0.00043
0.00043
0.00043
0.00043
0.00043
0.00043
0.00043
0.00043
0.00043
0.00043
0.00043
0.00043
0.00043
0.00043
0.00043
0.00043
0.00043
0.00043
0.00043
0.00043
0.00043
0.00043
0.00044
0.00044
0.00044
0.00044
0.00044
0.00044
0.00044
0.00044
0.00044
0.00044
0.00044
0.00045
0.00045
0.00045
0.00045
0.00045
0.00045
0.00045
0.00045
0.00045
0.00045
0.00045
0.00045
0.00045
0.00045
0.00045
0.00045
0.00045
0.00045
0.00045
0.00045
0.00045
0.00045
0.00045
0.00045
0.00045
0.00045
0.00045
0.00046
0.00046
0.00046
0.00046
0.00046
0.00046
0.00046
0.00046
0.00046
0.00046
0.00046
0.00046
0.00046
0.00046
0.00046
0.00046
0.00046
0.00046
0.00046
0.00047
0.00047
0.00047
0.00047
0.00047
0.00047
0.00047
0.00047
0.00047
0.00047
0.00047
0.00047
0.00047
0.00047
0.00047
0.00048
0.00048
0.00048
0.00048
0.00048
0.00048
0.00048
0.00048
0.00048
0.00048
0.00048
0.00048
0.00048
0.00048
0.00048
0.00048
0.00048
0.00049
0.00049
0.00049
0.00049
0.00049
0.00049
0.00049
0.00049
0.00049
0.00049
0.00049
0.00049
0.00049
0.00049
0.00049
0.00049
0.00049
0.00049
0.00049
0.0005
0.0005
0.0005
0.0005
0.0005
0.0005
0.0005
0.0005
0.0005
0.0005
0.0005
0.0005
0.0005
0.0005
0.0005
0.0005
0.0005
0.0005
0.0005
0.0005
0.0005
0.0005
0.0005
0.0005
0.0005
0.00051
0.00051
0.00051
0.00051
0.00051
0.00051
0.00051
0.00051
0.00051
0.00051
0.00051
0.00051
0.00051
0.00051
0.00051
0.00051
0.00051
0.00051
0.00052
0.00052
0.00052
0.00052
0.00052
0.00052
0.00052
0.00052
0.00052
0.00052
0.00052
0.00052
0.00052
0.00052
0.00052
0.00052
0.00052
0.00052
0.00052
0.00052
0.00052
0.00053
0.00053
0.00053
0.00053
0.00053
0.00053
0.00053
0.00053
0.00053
0.00053
0.00053
0.00053
0.00053
0.00053
0.00053
0.00053
0.00053
0.00053
0.00053
0.00053
0.00053
0.00053
0.00053
0.00053
0.00054
0.00054
0.00054
0.00054
0.00054
0.00054
0.00054
0.00054
0.00054
0.00054
0.00054
0.00054
0.00054
0.00054
0.00054
0.00054
0.00054
0.00055
0.00055
0.00055
0.00055
0.00055
0.00055
0.00055
0.00055
0.00055
0.00055
0.00055
0.00055
0.00055
0.00055
0.00055
0.00055
0.00055
0.00055
0.00055
0.00055
0.00055
0.00055
0.00055
0.00055
0.00055
0.00056
0.00056
0.00056
0.00056
0.00056
0.00056
0.00056
0.00056
0.00056
0.00056
0.00056
0.00057
0.00057
0.00057
0.00057
0.00057
0.00057
0.00057
0.00057
0.00057
0.00057
0.00057
0.00057
0.00057
0.00057
0.00057
0.00057
0.00057
0.00058
0.00058
0.00058
0.00058
0.00058
0.00058
0.00058
0.00058
0.00058
0.00058
0.00058
0.00058
0.00058
0.00058
0.00058
0.00058
0.00058
0.00058
0.00058
0.00058
0.00058
0.00059
0.00059
0.00059
0.00059
0.00059
0.00059
0.00059
0.00059
0.00059
0.00059
0.00059
0.00059
0.00059
0.00059
0.00059
0.0006
0.0006
0.0006
0.0006
0.0006
0.0006
0.0006
0.0006
0.0006
0.0006
0.0006
0.0006
0.0006
0.0006
0.0006
0.0006
0.0006
0.0006
0.0006
0.00061
0.00061
0.00061
0.00061
0.00061
0.00061
0.00061
0.00061
0.00061
0.00061
0.00061
0.00061
0.00061
0.00061
0.00061
0.00061
0.00061
0.00061
0.00061
0.00061
0.00061
0.00061
0.00062
0.00062
0.00062
0.00062
0.00062
0.00062
0.00062
0.00062
0.00062
0.00062
0.00062
0.00062
0.00062
0.00062
0.00062
0.00062
0.00063
0.00063
0.00063
0.00063
0.00063
0.00063
0.00063
0.00063
0.00063
0.00064
0.00064
0.00064
0.00064
0.00064
0.00064
0.00064
0.00064
0.00064
0.00064
0.00064
0.00064
0.00064
0.00064
0.00064
0.00064
0.00064
0.00064
0.00064
0.00064
0.00064
0.00065
0.00065
0.00065
0.00065
0.00065
0.00065
0.00065
0.00065
0.00065
0.00065
0.00065
0.00065
0.00065
0.00065
0.00065
0.00065
0.00065
0.00066
0.00066
0.00066
0.00066
0.00066
0.00066
0.00066
0.00066
0.00066
0.00066
0.00066
0.00066
0.00066
0.00066
0.00066
0.00066
0.00066
0.00066
0.00067
0.00067
0.00067
0.00067
0.00067
0.00067
0.00067
0.00067
0.00067
0.00067
0.00067
0.00067
0.00067
0.00067
0.00067
0.00067
0.00068
0.00068
0.00068
0.00068
0.00068
0.00068
0.00068
0.00068
0.00068
0.00068
0.00068
0.00068
0.00068
0.00068
0.00068
0.00068
0.00068
0.00068
0.00068
0.00068
0.00068
0.00069
0.00069
0.00069
0.00069
0.00069
0.00069
0.00069
0.00069
0.00069
0.00069
0.00069
0.00069
0.00069
0.00069
0.00069
0.00069
0.00069
0.00069
0.00069
0.00069
0.00069
0.00069
0.00069
0.00069
0.00069
0.00069
0.00069
0.0007
0.0007
0.0007
0.0007
0.0007
0.0007
0.0007
0.0007
0.0007
0.0007
0.0007
0.0007
0.0007
0.0007
0.0007
0.0007
0.0007
0.0007
0.0007
0.00071
0.00071
0.00071
0.00071
0.00071
0.00071
0.00071
0.00071
0.00071
0.00071
0.00071
0.00071
0.00071
0.00071
0.00071
0.00071
0.00071
0.00071
0.00071
0.00071
0.00071
0.00071
0.00071
0.00072
0.00072
0.00072
0.00072
0.00072
0.00072
0.00072
0.00072
0.00072
0.00073
0.00073
0.00073
0.00073
0.00073
0.00073
0.00073
0.00073
0.00073
0.00073
0.00073
0.00073
0.00073
0.00073
0.00073
0.00073
0.00073
0.00073
0.00073
0.00073
0.00074
0.00074
0.00074
0.00074
0.00074
0.00074
0.00074
0.00074
0.00074
0.00074
0.00074
0.00074
0.00074
0.00074
0.00074
0.00074
0.00075
0.00075
0.00075
0.00075
0.00075
0.00075
0.00075
0.00075
0.00075
0.00075
0.00075
0.00075
0.00076
0.00076
0.00076
0.00076
0.00076
0.00076
0.00076
0.00076
0.00076
0.00076
0.00076
0.00076
0.00077
0.00077
0.00077
0.00077
0.00077
0.00077
0.00077
0.00077
0.00077
0.00077
0.00077
0.00077
0.00078
0.00078
0.00078
0.00078
0.00078
0.00078
0.00078
0.00078
0.00078
0.00079
0.00079
0.00079
0.00079
0.00079
0.00079
0.00079
0.00079
0.00079
0.00079
0.00079
0.00079
0.00079
0.00079
0.00079
0.00079
0.00079
0.00079
0.0008
0.0008
0.0008
0.0008
0.0008
0.0008
0.0008
0.0008
0.0008
0.0008
0.0008
0.0008
0.0008
0.0008
0.0008
0.0008
0.0008
0.00081
0.00081
0.00081
0.00081
0.00081
0.00081
0.00081
0.00081
0.00081
0.00081
0.00081
0.00081
0.00081
0.00082
0.00082
0.00082
0.00082
0.00082
0.00082
0.00082
0.00082
0.00082
0.00082
0.00082
0.00082
0.00083
0.00083
0.00083
0.00083
0.00083
0.00083
0.00083
0.00083
0.00083
0.00083
0.00083
0.00083
0.00083
0.00083
0.00083
0.00083
0.00083
0.00083
0.00084
0.00084
0.00084
0.00084
0.00084
0.00084
0.00084
0.00084
0.00084
0.00084
0.00084
0.00084
0.00084
0.00085
0.00085
0.00085
0.00085
0.00085
0.00085
0.00085
0.00085
0.00085
0.00085
0.00085
0.00085
0.00085
0.00086
0.00086
0.00086
0.00086
0.00086
0.00086
0.00086
0.00086
0.00086
0.00086
0.00086
0.00086
0.00087
0.00087
0.00087
0.00087
0.00087
0.00087
0.00087
0.00087
0.00087
0.00087
0.00087
0.00087
0.00087
0.00087
0.00087
0.00087
0.00088
0.00088
0.00088
0.00088
0.00088
0.00088
0.00088
0.00088
0.00088
0.00088
0.00088
0.00088
0.00088
0.00088
0.00088
0.00089
0.00089
0.00089
0.00089
0.00089
0.00089
0.00089
0.00089
0.00089
0.00089
0.00089
0.00089
0.0009
0.0009
0.0009
0.0009
0.0009
0.0009
0.0009
0.0009
0.0009
0.0009
0.0009
0.0009
0.0009
0.00091
0.00091
0.00091
0.00091
0.00091
0.00091
0.00091
0.00091
0.00091
0.00091
0.00091
0.00091
0.00091
0.00092
0.00092
0.00092
0.00092
0.00092
0.00092
0.00092
0.00092
0.00092
0.00092
0.00092
0.00092
0.00092
0.00092
0.00092
0.00093
0.00093
0.00093
0.00093
0.00093
0.00093
0.00093
0.00093
0.00093
0.00093
0.00093
0.00094
0.00094
0.00094
0.00094
0.00094
0.00094
0.00094
0.00094
0.00094
0.00094
0.00094
0.00094
0.00094
0.00094
0.00095
0.00095
0.00095
0.00095
0.00095
0.00095
0.00095
0.00095
0.00095
0.00095
0.00095
0.00095
0.00095
0.00095
0.00095
0.00096
0.00096
0.00096
0.00096
0.00096
0.00096
0.00097
0.00097
0.00097
0.00097
0.00097
0.00097
0.00097
0.00097
0.00097
0.00097
0.00097
0.00097
0.00097
0.00098
0.00098
0.00098
0.00098
0.00098
0.00098
0.00098
0.00098
0.00098
0.00098
0.00098
0.00099
0.00099
0.00099
0.00099
0.00099
0.00099
0.00099
0.00099
0.00099
0.00099
0.00099
0.00099
0.001
0.001
0.001
0.001
0.001
0.001
0.001
0.001
0.001
0.001
0.001
0.001
0.00101
0.00101
0.00101
0.00101
0.00101
0.00101
0.00101
0.00101
0.00101
0.00101
0.00101
0.00101
0.00101
0.00101
0.00102
0.00102
0.00102
0.00102
0.00102
0.00102
0.00102
0.00103
0.00103
0.00103
0.00103
0.00103
0.00103
0.00103
0.00103
0.00103
0.00103
0.00104
0.00104
0.00104
0.00104
0.00104
0.00104
0.00104
0.00104
0.00104
0.00104
0.00104
0.00104
0.00104
0.00104
0.00105
0.00105
0.00105
0.00105
0.00105
0.00105
0.00105
0.00105
0.00105
0.00105
0.00105
0.00105
0.00105
0.00106
0.00106
0.00106
0.00106
0.00106
0.00106
0.00106
0.00107
0.00107
0.00107
0.00107
0.00107
0.00107
0.00107
0.00107
0.00107
0.00107
0.00108
0.00108
0.00108
0.00108
0.00108
0.00108
0.00108
0.00108
0.00108
0.00109
0.00109
0.00109
0.00109
0.00109
0.00109
0.00109
0.00109
0.00109
0.00109
0.0011
0.0011
0.0011
0.0011
0.0011
0.0011
0.0011
0.0011
0.0011
0.0011
0.0011
0.0011
0.0011
0.00111
0.00111
0.00111
0.00111
0.00111
0.00111
0.00111
0.00111
0.00111
0.00111
0.00112
0.00112
0.00112
0.00112
0.00112
0.00112
0.00112
0.00112
0.00112
0.00112
0.00112
0.00113
0.00113
0.00113
0.00113
0.00113
0.00113
0.00113
0.00114
0.00114
0.00114
0.00114
0.00114
0.00114
0.00114
0.00114
0.00114
0.00114
0.00115
0.00115
0.00115
0.00115
0.00115
0.00115
0.00115
0.00115
0.00116
0.00116
0.00116
0.00116
0.00116
0.00116
0.00116
0.00116
0.00116
0.00116
0.00116
0.00116
0.00116
0.00117
0.00117
0.00117
0.00117
0.00117
0.00117
0.00117
0.00117
0.00117
0.00117
0.00118
0.00118
0.00118
0.00118
0.00118
0.00118
0.00118
0.00118
0.00118
0.00118
0.00118
0.00119
0.00119
0.00119
0.00119
0.00119
0.00119
0.00119
0.0012
0.0012
0.0012
0.0012
0.0012
0.0012
0.00121
0.00121
0.00121
0.00121
0.00121
0.00121
0.00121
0.00121
0.00122
0.00122
0.00122
0.00122
0.00122
0.00122
0.00122
0.00122
0.00122
0.00122
0.00122
0.00122
0.00123
0.00123
0.00123
0.00123
0.00123
0.00123
0.00123
0.00124
0.00124
0.00124
0.00124
0.00124
0.00124
0.00125
0.00125
0.00125
0.00125
0.00125
0.00125
0.00125
0.00125
0.00125
0.00125
0.00125
0.00126
0.00126
0.00126
0.00126
0.00126
0.00126
0.00126
0.00126
0.00126
0.00126
0.00126
0.00127
0.00127
0.00127
0.00127
0.00128
0.00128
0.00128
0.00128
0.00128
0.00128
0.00129
0.00129
0.00129
0.00129
0.00129
0.00129
0.00129
0.00129
0.00129
0.00129
0.0013
0.0013
0.0013
0.0013
0.0013
0.00131
0.00131
0.00131
0.00131
0.00131
0.00131
0.00131
0.00131
0.00131
0.00131
0.00132
0.00132
0.00132
0.00132
0.00132
0.00132
0.00132
0.00132
0.00132
0.00132
0.00132
0.00132
0.00132
0.00133
0.00133
0.00133
0.00133
0.00133
0.00133
0.00133
0.00134
0.00134
0.00134
0.00134
0.00134
0.00134
0.00134
0.00135
0.00135
0.00135
0.00135
0.00135
0.00135
0.00135
0.00135
0.00135
0.00135
0.00136
0.00136
0.00136
0.00136
0.00136
0.00136
0.00137
0.00137
0.00137
0.00137
0.00137
0.00137
0.00137
0.00137
0.00137
0.00137
0.00138
0.00138
0.00138
0.00139
0.00139
0.00139
0.00139
0.0014
0.0014
0.0014
0.0014
0.0014
0.0014
0.00141
0.00141
0.00141
0.00141
0.00141
0.00141
0.00141
0.00141
0.00141
0.00141
0.00141
0.00142
0.00142
0.00142
0.00142
0.00142
0.00142
0.00142
0.00142
0.00143
0.00143
0.00143
0.00143
0.00143
0.00143
0.00143
0.00144
0.00144
0.00144
0.00144
0.00144
0.00144
0.00144
0.00145
0.00145
0.00145
0.00145
0.00145
0.00145
0.00146
0.00146
0.00146
0.00146
0.00146
0.00147
0.00147
0.00147
0.00147
0.00148
0.00148
0.00148
0.00148
0.00149
0.00149
0.00149
0.00149
0.00149
0.00149
0.00149
0.0015
0.0015
0.0015
0.0015
0.0015
0.0015
0.0015
0.0015
0.00151
0.00151
0.00151
0.00151
0.00151
0.00151
0.00151
0.00151
0.00151
0.00151
0.00151
0.00151
0.00151
0.00152
0.00152
0.00152
0.00152
0.00152
0.00152
0.00153
0.00153
0.00153
0.00153
0.00154
0.00154
0.00154
0.00154
0.00154
0.00155
0.00155
0.00155
0.00155
0.00155
0.00155
0.00156
0.00156
0.00156
0.00156
0.00156
0.00156
0.00156
0.00157
0.00157
0.00157
0.00157
0.00157
0.00157
0.00157
0.00157
0.00157
0.00157
0.00157
0.00157
0.00158
0.00158
0.00158
0.00158
0.00158
0.00158
0.00158
0.00159
0.00159
0.00159
0.00159
0.00159
0.00159
0.0016
0.0016
0.0016
0.0016
0.0016
0.0016
0.0016
0.00161
0.00161
0.00161
0.00161
0.00162
0.00162
0.00162
0.00162
0.00162
0.00162
0.00162
0.00162
0.00163
0.00163
0.00163
0.00163
0.00164
0.00164
0.00164
0.00164
0.00164
0.00164
0.00165
0.00165
0.00165
0.00166
0.00166
0.00166
0.00166
0.00166
0.00167
0.00168
0.00168
0.00168
0.00168
0.00168
0.00168
0.00168
0.00168
0.00168
0.00168
0.00168
0.00169
0.00169
0.00169
0.00169
0.00169
0.00169
0.0017
0.0017
0.0017
0.0017
0.0017
0.0017
0.0017
0.0017
0.00171
0.00171
0.00171
0.00171
0.00171
0.00171
0.00171
0.00172
0.00172
0.00172
0.00172
0.00172
0.00172
0.00172
0.00172
0.00173
0.00173
0.00173
0.00174
0.00174
0.00174
0.00174
0.00174
0.00174
0.00174
0.00174
0.00174
0.00175
0.00175
0.00175
0.00175
0.00175
0.00175
0.00175
0.00176
0.00176
0.00177
0.00177
0.00177
0.00177
0.00177
0.00177
0.00177
0.00177
0.00177
0.00178
0.00178
0.00179
0.00179
0.00179
0.00179
0.0018
0.0018
0.0018
0.00181
0.00181
0.00181
0.00181
0.00181
0.00181
0.00181
0.00182
0.00182
0.00182
0.00182
0.00182
0.00183
0.00183
0.00183
0.00183
0.00183
0.00183
0.00185
0.00185
0.00185
0.00185
0.00185
0.00185
0.00185
0.00186
0.00186
0.00186
0.00186
0.00186
0.00187
0.00188
0.00188
0.00188
0.00188
0.00188
0.00188
0.00188
0.00188
0.00189
0.00189
0.00189
0.00189
0.00189
0.00189
0.00189
0.00189
0.00189
0.0019
0.0019
0.0019
0.0019
0.0019
0.0019
0.0019
0.00191
0.00191
0.00191
0.00192
0.00192
0.00193
0.00193
0.00193
0.00194
0.00194
0.00194
0.00195
0.00195
0.00195
0.00195
0.00195
0.00195
0.00195
0.00196
0.00196
0.00196
0.00196
0.00196
0.00196
0.00196
0.00197
0.00197
0.00197
0.00197
0.00197
0.00198
0.00198
0.00198
0.00198
0.00198
0.00198
0.00198
0.00199
0.00199
0.00199
0.00199
0.00199
0.00199
0.00199
0.002
0.002
0.00201
0.00201
0.00201
0.00201
0.00201
0.00201
0.00202
0.00202
0.00202
0.00202
0.00202
0.00203
0.00203
0.00203
0.00203
0.00203
0.00203
0.00203
0.00203
0.00204
0.00204
0.00204
0.00205
0.00205
0.00205
0.00205
0.00205
0.00206
0.00206
0.00206
0.00206
0.00206
0.00206
0.00206
0.00206
0.00207
0.00207
0.00208
0.00208
0.00208
0.00208
0.00208
0.00208
0.00208
0.00209
0.00209
0.00209
0.00209
0.0021
0.0021
0.00211
0.00211
0.00212
0.00212
0.00212
0.00212
0.00212
0.00213
0.00213
0.00213
0.00213
0.00214
0.00214
0.00215
0.00215
0.00215
0.00215
0.00215
0.00216
0.00217
0.00217
0.00217
0.00218
0.00218
0.00218
0.00218
0.00219
0.00219
0.00219
0.0022
0.0022
0.0022
0.0022
0.00221
0.00221
0.00221
0.00221
0.00221
0.00221
0.00221
0.00221
0.00221
0.00221
0.00222
0.00222
0.00222
0.00223
0.00223
0.00223
0.00224
0.00224
0.00224
0.00224
0.00224
0.00225
0.00225
0.00225
0.00225
0.00225
0.00226
0.00226
0.00226
0.00227
0.00227
0.00227
0.00227
0.00227
0.00227
0.00228
0.00229
0.00229
0.0023
0.0023
0.0023
0.0023
0.0023
0.00231
0.00231
0.00231
0.00231
0.00231
0.00232
0.00232
0.00232
0.00233
0.00233
0.00233
0.00234
0.00234
0.00234
0.00235
0.00235
0.00235
0.00235
0.00236
0.00236
0.00237
0.00237
0.00237
0.00237
0.00237
0.00238
0.00238
0.00239
0.00239
0.0024
0.0024
0.0024
0.0024
0.0024
0.00241
0.00241
0.00241
0.00241
0.00241
0.00241
0.00241
0.00242
0.00242
0.00243
0.00243
0.00243
0.00243
0.00243
0.00244
0.00244
0.00244
0.00245
0.00245
0.00246
0.00246
0.00246
0.00246
0.00246
0.00247
0.00247
0.00247
0.00248
0.00248
0.00249
0.0025
0.0025
0.0025
0.00251
0.00251
0.00251
0.00252
0.00252
0.00253
0.00254
0.00254
0.00254
0.00254
0.00255
0.00255
0.00256
0.00256
0.00256
0.00256
0.00257
0.00257
0.00257
0.00258
0.00258
0.00258
0.00258
0.00258
0.00259
0.0026
0.0026
0.0026
0.00261
0.00261
0.00261
0.00261
0.00262
0.00262
0.00262
0.00262
0.00262
0.00262
0.00262
0.00264
0.00264
0.00264
0.00265
0.00265
0.00266
0.00266
0.00266
0.00267
0.00267
0.00267
0.00267
0.00268
0.00269
0.00269
0.0027
0.0027
0.0027
0.0027
0.00271
0.00271
0.00272
0.00272
0.00272
0.00272
0.00273
0.00273
0.00273
0.00274
0.00274
0.00274
0.00275
0.00275
0.00275
0.00275
0.00276
0.00276
0.00278
0.00279
0.00279
0.00279
0.00279
0.00279
0.00279
0.0028
0.0028
0.0028
0.0028
0.0028
0.0028
0.0028
0.00281
0.00281
0.00282
0.00282
0.00282
0.00282
0.00282
0.00283
0.00284
0.00284
0.00285
0.00285
0.00285
0.00285
0.00286
0.00286
0.00287
0.00288
0.00288
0.00288
0.00288
0.00288
0.00289
0.00289
0.0029
0.00291
0.00292
0.00292
0.00293
0.00293
0.00293
0.00294
0.00294
0.00294
0.00296
0.00296
0.00297
0.00297
0.00298
0.003
0.00301
0.00301
0.00301
0.00302
0.00303
0.00304
0.00304
0.00305
0.00306
0.00306
0.00306
0.00307
0.00308
0.00308
0.00309
0.00309
0.00309
0.0031
0.0031
0.0031
0.00311
0.00312
0.00313
0.00313
0.00314
0.00315
0.00315
0.00315
0.00315
0.00316
0.00317
0.00317
0.00317
0.00317
0.00319
0.00319
0.0032
0.00321
0.00321
0.00321
0.00321
0.00321
0.00323
0.00323
0.00323
0.00324
0.00324
0.00325
0.00325
0.00326
0.00326
0.00327
0.00327
0.00328
0.00328
0.00329
0.00329
0.0033
0.0033
0.0033
0.00331
0.00332
0.00332
0.00332
0.00332
0.00333
0.00333
0.00334
0.00334
0.00334
0.00334
0.00336
0.00336
0.00336
0.00336
0.00337
0.00337
0.00338
0.0034
0.00342
0.00342
0.00342
0.00343
0.00343
0.00343
0.00344
0.00344
0.00344
0.00344
0.00344
0.00346
0.00346
0.00348
0.00348
0.00349
0.0035
0.00351
0.00351
0.00352
0.00355
0.00356
0.00357
0.00357
0.00358
0.00358
0.00359
0.00361
0.00361
0.00362
0.00362
0.00362
0.00363
0.00363
0.00363
0.00363
0.00364
0.00364
0.00366
0.00367
0.00367
0.00368
0.00368
0.00369
0.00369
0.00369
0.0037
0.0037
0.0037
0.00371
0.00371
0.00371
0.00371
0.00372
0.00372
0.00373
0.00373
0.00375
0.00375
0.00375
0.00375
0.00376
0.00376
0.00377
0.00377
0.00377
0.00378
0.00378
0.00378
0.0038
0.0038
0.0038
0.00381
0.00381
0.00383
0.00383
0.00384
0.00384
0.00385
0.00387
0.00387
0.00388
0.00389
0.00389
0.00389
0.00391
0.00391
0.00391
0.00392
0.00392
0.00392
0.00393
0.00393
0.00394
0.00395
0.00396
0.00398
0.00398
0.00399
0.00399
0.004
0.00401
0.00401
0.00402
0.00403
0.00403
0.00405
0.00405
0.00405
0.00406
0.00406
0.00406
0.00406
0.00407
0.00408
0.00409
0.00409
0.0041
0.00411
0.00412
0.00412
0.00412
0.00413
0.00413
0.00414
0.00415
0.00416
0.00417
0.00418
0.00418
0.00418
0.00419
0.00419
0.0042
0.00422
0.00422
0.00423
0.00425
0.00428
0.00429
0.00429
0.0043
0.00431
0.00431
0.00431
0.00432
0.00433
0.00433
0.00434
0.00434
0.00434
0.00434
0.00435
0.00436
0.00437
0.00438
0.00439
0.00439
0.00441
0.00441
0.00443
0.00444
0.00445
0.00447
0.00447
0.00447
0.00447
0.00447
0.0045
0.0045
0.00451
0.00451
0.00452
0.00453
0.00455
0.00455
0.00456
0.00456
0.00457
0.00458
0.00461
0.00462
0.00463
0.00465
0.00466
0.00468
0.00468
0.00469
0.00472
0.00473
0.00473
0.00476
0.00478
0.0048
0.00481
0.00481
0.00482
0.00482
0.00482
0.00484
0.00484
0.00486
0.00488
0.00491
0.00492
0.00492
0.00493
0.00493
0.00494
0.00494
0.00495
0.00495
0.00495
0.00495
0.00496
0.00497
0.00503
0.00504
0.00504
0.00506
0.00506
0.00506
0.00508
0.00508
0.00508
0.00509
0.0051
0.00512
0.00513
0.00514
0.00516
0.00519
0.0052
0.0052
0.00521
0.00521
0.00522
0.00526
0.00527
0.0053
0.0053
0.0053
0.00531
0.00533
0.00533
0.00533
0.00536
0.00537
0.00539
0.0054
0.00541
0.00542
0.00542
0.00543
0.00543
0.00544
0.00546
0.00547
0.00548
0.00548
0.00549
0.0055
0.00551
0.00552
0.00552
0.00553
0.00554
0.00556
0.00557
0.00558
0.00561
0.00561
0.00561
0.00563
0.00564
0.00566
0.00567
0.00568
0.00569
0.00572
0.00572
0.00574
0.00575
0.00579
0.00579
0.00582
0.00585
0.00588
0.00589
0.0059
0.00591
0.00596
0.00596
0.00597
0.00598
0.00599
0.00602
0.00609
0.00611
0.00611
0.00615
0.00616
0.00617
0.00617
0.00618
0.00623
0.00625
0.00627
0.0063
0.00631
0.00632
0.00636
0.00637
0.00642
0.00643
0.00643
0.00643
0.00644
0.00644
0.00644
0.00645
0.00648
0.00655
0.00658
0.0066
0.00662
0.00664
0.00665
0.00665
0.00665
0.00666
0.00667
0.00668
0.00671
0.00673
0.00677
0.00682
0.00684
0.00685
0.00687
0.00689
0.0069
0.00695
0.00697
0.00702
0.00707
0.00708
0.00711
0.00711
0.00714
0.00714
0.00714
0.00719
0.0072
0.00722
0.00728
0.0073
0.00731
0.00732
0.00733
0.00733
0.00735
0.00736
0.00736
0.0074
0.00747
0.00748
0.00749
0.00749
0.00755
0.00758
0.00759
0.00761
0.00764
0.00765
0.00768
0.00769
0.00771
0.00774
0.00777
0.00781
0.00789
0.00789
0.00796
0.00797
0.00798
0.008
0.008
0.00808
0.00809
0.00811
0.00813
0.00814
0.00821
0.00821
0.00822
0.0083
0.00832
0.00833
0.00835
0.00841
0.00842
0.00845
0.00846
0.0085
0.00854
0.00862
0.00866
0.00869
0.00875
0.00879
0.0088
0.00881
0.00884
0.00887
0.00889
0.00892
0.00894
0.00897
0.009
0.00904
0.00913
0.00913
0.00916
0.00924
0.00929
0.0093
0.00931
0.00932
0.00937
0.00948
0.0095
0.00951
0.00951
0.00952
0.00958
0.00959
0.00961
0.00967
0.00968
0.00972
0.00983
0.00983
0.00988
0.00989
0.0099
0.00996
0.00997
0.01015
0.01015
0.01017
0.01023
0.01028
0.0103
0.01037
0.01041
0.01062
0.01065
0.01067
0.01069
0.01087
0.0109
0.01098
0.01104
0.01111
0.01115
0.01115
0.01122
0.01127
0.01129
0.0113
0.01137
0.01138
0.01139
0.01147
0.01149
0.01163
0.01165
0.01167
0.01188
0.0119
0.01205
0.01217
0.01247
0.01262
0.01287
0.01312
0.01321
0.01332
0.01335
0.0134
0.01347
0.01347
0.01357
0.01362
0.01367
0.01379
0.0138
0.01385
0.01403
0.01437
0.01475
0.01476
0.01502
0.01505
0.01518
0.01535
0.01552
0.01559
0.01594
0.016
0.01619
0.01629
0.01644
0.01651
0.01654
0.0168
0.01686
0.01688
0.0169
0.0169
0.01704
0.01709
0.01736
0.01749
0.01766
0.01767
0.01776
0.01794
0.01802
0.0182
0.01838
0.01842
0.01862
0.01877
0.01879
0.01884
0.01898
0.01906
0.01939
0.01954
0.02014
0.02016
0.02047
0.0206
0.02138
0.02148
0.02197
0.02203
0.02264
0.02272
0.02294
0.02368
0.02374
0.0241
0.02449
0.02451
0.02455
0.02461
0.02526
0.02547
0.02597
0.02642
0.02695
0.02743
0.02786
0.02999
0.03078
0.03142
0.03148
0.03263
0.03281
0.03294
0.03456
0.03457
0.03461
0.03522
0.03552
0.03594
0.03607
0.03724
0.03725
0.03726
0.03746
0.03764
0.03831
0.03894
0.04021
0.0409
0.04427
0.0451
0.04518
0.0454
0.04566
0.04588
0.04632
0.04754
0.04842
0.05207
0.05437
0.05751
0.0586
0.05964
0.05965
0.06029
0.06082
0.06496
0.06788
0.07071
0.07168
0.07457
0.07847
0.08238
0.08776
0.09316
0.09468
0.10231
0.10655
0.12082
0.13709
0.17504
0.2068
0.21212
0.22777
